#Nuclei: 261 501, 34 (# of boundary points, coordinates of center)
462  3
461  4
461  5
461  6
460  7
459  8
458  9
458  10
457  11
457  12
457  13
456  14
457  15
457  16
456  17
456  18
457  19
456  20
455  21
455  22
455  23
455  24
455  25
454  26
454  27
453  28
453  29
453  30
453  31
454  32
454  33
454  34
454  35
454  36
454  37
454  38
454  39
454  41
454  42
454  43
454  44
454  45
453  46
453  47
453  48
452  49
451  50
450  51
453  52
453  57
457  58
457  61
458  61
459  62
460  63
461  64
462  64
463  65
464  66
469  67
469  68
469  69
469  70
467  72
466  73
471  74
467  76
468  76
471  78
469  79
473  80
474  79
476  78
478  77
478  76
478  75
480  74
480  73
482  72
484  71
486  70
489  69
490  70
491  70
493  69
494  69
495  69
496  68
497  68
498  68
499  69
501  68
502  67
505  66
505  65
507  64
510  63
512  63
513  62
514  62
516  63
517  62
518  62
519  63
520  62
521  63
522  63
523  63
524  63
525  63
526  63
527  63
528  64
529  65
530  66
531  65
532  64
533  65
534  65
535  65
536  65
537  65
538  65
539  65
541  65
542  65
543  66
544  65
544  66
545  65
544  64
544  63
544  62
544  61
544  60
544  59
544  58
544  57
547  55
546  54
545  54
545  52
545  51
545  50
545  49
546  48
547  47
551  46
550  46
549  44
550  43
550  42
550  41
552  40
553  39
553  38
553  37
552  36
552  35
552  34
552  33
552  32
551  31
551  30
551  29
551  27
551  26
551  25
550  24
550  23
550  22
549  21
549  19
549  17
548  17
547  17
546  15
545  14
544  13
543  11
542  10
541  10
540  9
539  8
538  7
537  6
536  4
535  0
534  0
533  0
532  0
531  0
530  0
529  0
528  0
527  0
526  0
525  0
524  0
523  0
522  0
521  0
520  0
519  0
518  0
517  0
516  0
515  0
514  0
513  0
512  0
511  0
510  0
509  0
508  0
507  0
506  0
505  0
504  0
503  0
502  0
501  0
500  0
499  0
498  0
497  0
496  0
495  0
494  0
493  0
492  0
491  0
490  0
489  0
488  0
487  0
486  0
485  0
484  0
483  0
482  0
481  0
480  0
479  0
478  0
477  0
476  0
475  0
474  0
473  0
472  0
471  0
470  0
469  0
468  0
467  0
466  0
465  1
464  2
463  0
462  2
#Nuclei: 181 631, 63 (# of boundary points, coordinates of center)
636  23
635  24
634  24
633  24
629  24
628  25
627  26
625  25
625  26
624  27
623  28
621  29
619  30
617  31
615  31
613  31
612  32
611  32
610  32
608  33
608  34
608  35
608  36
608  37
608  38
608  39
607  40
607  41
606  42
607  43
604  44
604  45
604  46
603  47
605  48
604  49
604  50
604  51
602  52
602  53
600  54
600  55
597  56
598  57
598  58
597  59
597  60
598  61
598  62
597  63
598  64
598  65
599  66
598  67
598  69
600  70
598  72
598  73
600  74
600  75
598  76
598  77
598  78
599  79
600  80
601  81
601  82
602  83
603  87
607  88
607  89
608  90
609  93
610  94
610  97
613  98
612  99
615  97
616  99
616  97
618  97
620  99
622  99
622  98
624  99
625  99
626  99
627  99
628  99
629  99
630  99
631  98
632  99
633  99
634  99
635  99
636  99
637  98
638  98
639  97
640  97
641  97
643  96
644  95
645  94
648  93
647  92
648  91
649  90
654  89
655  88
657  87
658  87
659  87
660  87
661  86
662  86
664  89
664  88
665  87
666  86
666  85
666  84
667  83
667  82
667  81
668  80
668  79
667  78
667  77
668  76
667  75
667  74
666  74
665  72
664  72
664  73
662  73
661  70
660  70
659  68
658  66
657  62
656  62
656  59
655  59
654  56
655  55
654  54
655  52
655  51
655  50
654  50
653  49
652  47
652  46
651  42
651  41
651  40
651  39
651  38
651  37
651  36
651  35
651  34
651  33
650  33
649  31
649  29
648  29
647  28
646  25
645  24
645  25
643  23
642  22
641  22
640  23
639  22
638  23
637  24
#Nuclei: 435 463, 114 (# of boundary points, coordinates of center)
386  28
388  29
386  30
384  31
385  32
384  33
384  34
385  35
384  37
386  38
386  39
386  40
386  41
386  44
389  46
389  47
390  49
391  51
391  53
391  55
390  57
389  59
385  60
385  61
384  62
384  63
386  63
387  64
388  63
389  64
390  64
391  66
392  67
395  68
394  71
399  72
399  73
399  74
399  75
400  77
401  80
402  83
405  84
405  85
405  86
406  89
408  91
408  92
409  95
412  96
413  97
414  98
415  99
416  103
417  105
422  106
423  108
424  109
425  113
427  113
429  114
429  115
432  116
432  117
432  118
433  121
433  124
434  125
434  126
433  127
432  128
433  129
433  130
433  131
433  132
433  133
432  134
432  135
432  136
433  137
433  138
433  139
433  140
432  141
432  142
431  143
430  144
429  145
428  146
426  147
424  148
422  149
420  150
420  151
418  152
418  153
416  154
417  155
418  156
416  157
416  158
416  159
416  160
416  161
416  162
415  163
415  164
415  165
415  166
415  169
413  171
414  172
414  173
414  174
415  175
415  176
416  177
416  178
419  179
421  178
422  180
423  180
424  182
426  183
426  184
427  184
426  182
428  181
432  182
432  183
433  183
434  183
435  182
435  181
437  181
438  181
439  181
440  182
441  182
442  181
443  181
444  181
445  182
446  182
447  183
447  182
449  181
450  181
451  181
452  181
454  180
455  181
456  180
457  181
458  183
459  183
460  183
461  183
462  183
463  183
464  184
465  183
466  182
467  182
468  182
469  182
470  182
472  182
473  181
475  181
476  181
477  181
478  180
479  180
480  180
481  179
483  178
483  177
484  176
485  175
487  174
487  173
489  172
489  171
490  170
492  169
495  168
495  167
494  168
494  165
495  164
495  163
496  162
496  161
496  160
496  159
500  158
499  157
500  156
501  155
503  154
504  153
507  152
507  151
509  150
511  149
512  148
514  147
515  146
515  145
515  144
516  143
518  142
520  141
522  140
524  140
526  139
528  138
530  137
531  137
532  137
534  136
536  136
538  139
540  140
543  142
544  145
546  146
546  147
549  148
549  149
551  150
551  151
554  152
555  154
556  155
557  155
558  155
559  155
560  154
561  153
562  152
565  151
565  150
565  149
567  148
569  147
569  146
571  145
570  145
569  144
568  145
567  144
566  143
565  142
564  140
563  138
562  137
561  135
560  133
559  129
558  128
557  128
556  128
555  128
554  128
553  127
552  124
551  123
550  121
549  120
548  118
547  114
546  114
545  113
544  112
543  112
542  112
541  112
540  112
539  112
538  112
537  111
536  111
535  111
534  111
533  109
532  108
531  108
530  109
529  108
528  107
527  106
526  105
525  106
524  106
523  105
522  106
521  106
520  106
519  105
518  105
517  106
516  106
515  106
513  106
513  107
511  108
510  108
509  108
508  108
506  108
505  108
504  108
504  109
502  108
501  109
500  110
498  108
497  108
498  109
496  110
494  111
492  112
489  112
488  112
487  112
486  111
485  112
484  111
483  110
482  109
481  107
480  104
479  103
478  102
477  102
476  102
475  99
474  98
473  95
472  93
471  91
470  86
470  85
470  87
468  83
468  82
468  81
467  80
466  80
465  75
465  74
464  74
463  73
463  71
463  70
463  69
464  68
464  67
463  66
462  65
461  65
460  64
459  63
458  62
457  62
456  61
455  60
454  60
453  60
452  57
451  57
450  57
450  58
448  59
447  59
446  58
445  56
444  56
443  56
442  56
441  54
440  54
439  54
438  54
437  53
435  53
434  52
433  51
432  50
431  49
430  48
429  47
428  45
427  43
426  41
425  40
424  39
423  39
422  38
421  38
420  37
419  36
418  35
417  34
416  33
415  32
414  31
413  31
412  30
411  30
410  31
409  31
408  31
407  31
406  30
405  30
404  29
403  29
402  29
401  29
400  30
399  31
398  31
397  31
396  31
394  30
393  31
392  28
393  30
390  28
389  28
391  29
387  28
#Nuclei: 237 827, 88 (# of boundary points, coordinates of center)
813  43
812  43
810  44
810  45
808  46
806  47
804  48
802  49
800  50
799  51
797  52
796  53
794  54
793  55
791  56
791  57
789  58
788  59
787  60
787  61
787  62
785  63
785  64
785  65
784  66
784  68
783  69
783  70
783  71
783  72
784  73
784  74
784  75
784  76
784  77
784  78
784  79
784  80
784  81
784  82
784  83
784  84
784  85
784  86
784  87
784  88
784  89
784  90
784  91
784  92
785  93
785  94
785  95
785  96
785  97
785  98
785  99
786  100
786  101
786  102
786  103
786  104
787  105
787  106
787  107
788  108
788  109
789  110
789  111
791  112
792  111
793  111
794  111
795  110
796  111
797  110
798  111
799  110
800  111
801  112
802  113
804  114
804  115
806  117
807  118
808  119
809  120
810  123
812  123
813  122
814  123
816  124
816  126
818  126
818  127
819  126
820  126
822  127
822  128
824  129
825  130
826  133
828  133
829  134
830  134
831  135
832  134
833  135
834  134
836  134
836  135
837  135
838  135
839  135
840  135
841  135
842  135
843  135
844  135
845  134
846  135
847  134
847  133
847  132
847  131
847  130
848  129
849  128
849  127
853  126
854  125
853  124
853  123
853  122
854  121
855  120
857  119
858  118
859  117
859  116
861  115
860  114
862  113
861  113
860  111
860  110
861  109
862  108
864  107
866  106
869  105
871  104
872  103
871  102
871  101
871  100
870  99
870  98
870  97
870  96
869  92
869  91
870  90
870  89
870  88
870  87
871  86
872  85
872  84
872  83
873  82
873  81
873  80
872  79
872  78
872  76
872  75
871  74
871  73
870  71
869  70
868  69
867  68
866  68
865  64
865  62
864  62
865  63
863  63
861  63
860  61
859  60
858  59
857  58
856  57
855  57
854  56
853  55
852  55
851  55
850  54
849  54
848  54
847  51
846  50
845  50
844  49
843  49
842  48
841  48
840  48
839  48
838  48
837  47
836  47
835  47
834  44
833  45
832  45
831  45
830  44
830  45
828  46
827  46
826  45
825  45
824  44
823  44
822  43
821  43
820  42
819  43
818  42
817  43
816  41
815  42
815  43
#Nuclei: 432 954, 120 (# of boundary points, coordinates of center)
925  45
924  45
924  46
925  47
925  48
924  49
923  50
924  51
923  52
922  53
924  54
924  55
921  56
922  57
920  58
922  59
919  60
918  61
918  62
919  63
920  64
920  65
919  66
920  67
920  68
920  69
918  70
919  70
918  72
919  73
920  74
918  75
918  76
919  77
918  78
917  79
918  80
918  81
918  82
918  83
916  84
915  85
915  86
915  87
913  88
913  89
913  90
912  91
912  92
912  93
913  94
912  95
912  96
912  97
911  98
911  99
911  100
911  101
908  102
908  103
909  104
908  105
906  106
906  107
904  108
903  109
903  110
902  111
899  112
900  113
900  114
899  115
897  116
897  117
897  118
895  119
895  120
893  121
891  122
889  123
887  124
884  125
883  125
884  126
882  127
882  128
880  129
880  130
880  131
880  132
880  133
880  134
880  135
877  136
878  137
878  138
876  139
874  140
877  141
876  142
876  143
873  144
874  145
874  146
873  147
873  148
872  149
872  150
872  151
872  152
871  153
873  154
874  155
874  156
873  157
872  158
872  159
872  160
872  161
872  162
872  163
875  165
875  166
875  167
875  168
876  170
876  171
876  173
878  175
879  176
880  178
881  181
884  182
885  183
887  184
887  185
888  184
889  184
890  184
891  184
892  184
893  185
894  185
895  185
896  185
897  185
898  185
899  185
900  185
901  185
902  186
904  186
905  186
906  186
907  186
908  185
909  185
910  185
911  185
912  185
913  185
914  184
915  184
916  184
918  183
920  184
921  183
922  183
923  183
924  183
925  183
926  182
927  182
928  182
930  184
930  183
932  182
934  181
936  180
937  180
939  181
940  182
941  182
945  182
944  183
945  183
946  183
945  181
947  180
950  180
951  180
952  181
953  181
953  180
953  179
955  178
957  177
960  176
961  176
962  175
963  174
964  173
965  173
966  172
967  171
968  171
969  170
970  170
971  169
972  169
973  168
974  168
975  168
976  167
977  167
978  166
979  166
980  166
981  165
982  165
983  164
984  164
985  164
986  164
987  163
988  163
989  163
990  163
991  163
992  163
993  162
994  162
995  162
996  162
997  162
998  162
999  162
1000  162
1001  161
1002  161
1003  161
1004  161
1005  161
1006  161
1007  161
1008  161
1009  160
1010  160
1011  160
1012  160
1013  159
1014  159
1015  159
1016  158
1017  158
1018  157
1020  156
1021  157
1022  156
1023  156
1023  155
1023  154
1023  153
1022  153
1021  151
1023  150
1023  149
1023  148
1023  147
1023  146
1023  145
1023  144
1022  143
1023  142
1023  141
1023  140
1023  139
1023  138
1023  137
1023  136
1023  135
1023  134
1023  133
1023  132
1023  131
1023  130
1023  129
1023  128
1023  127
1023  126
1023  125
1023  124
1023  123
1023  122
1023  121
1023  120
1023  119
1023  118
1023  117
1023  116
1023  115
1023  114
1023  113
1023  112
1023  111
1023  110
1023  109
1023  108
1023  107
1023  106
1023  105
1023  104
1023  103
1023  102
1023  101
1023  100
1023  99
1023  98
1023  97
1023  96
1023  95
1023  94
1023  93
1023  92
1023  91
1023  90
1023  89
1023  88
1023  87
1023  86
1023  85
1023  84
1023  83
1022  82
1022  81
1023  80
1023  79
1023  78
1022  78
1021  79
1020  77
1018  76
1017  76
1016  76
1015  76
1014  75
1013  74
1012  74
1011  74
1010  74
1009  74
1008  73
1007  71
1006  71
1005  71
1004  71
1003  68
1002  68
1001  68
1000  68
999  68
999  69
997  69
996  67
995  67
995  68
994  69
992  68
991  68
990  68
989  67
988  67
987  68
985  69
984  69
983  69
982  69
981  69
980  68
979  68
978  68
977  69
976  68
975  67
974  68
972  68
971  67
970  67
969  66
968  64
968  65
966  66
965  63
964  63
963  64
962  63
961  63
960  62
959  59
958  59
957  59
956  59
955  59
954  59
953  58
952  58
951  58
950  56
949  56
948  53
947  50
946  50
945  49
944  49
943  47
943  48
941  49
940  49
939  49
938  46
937  46
936  47
935  48
934  49
933  49
932  48
931  47
930  46
929  44
928  43
928  44
926  45
#Nuclei: 403 717, 118 (# of boundary points, coordinates of center)
715  55
714  55
713  54
713  55
709  56
708  56
707  56
706  56
705  56
704  56
703  56
702  55
701  56
700  55
700  56
699  57
699  58
698  59
697  60
697  61
697  62
696  63
695  64
694  65
695  66
693  67
692  68
691  69
689  70
685  71
684  72
682  72
681  71
681  72
679  72
678  72
677  72
676  73
675  74
672  75
672  76
670  77
669  78
669  79
669  80
668  81
668  82
668  83
667  84
667  85
667  86
666  87
665  88
665  89
666  90
666  91
667  92
667  93
667  96
671  98
671  99
671  100
671  101
672  103
673  105
674  108
674  110
676  111
676  112
676  113
676  114
676  115
676  116
676  117
676  118
676  120
676  121
676  122
676  123
676  124
676  125
675  126
674  127
673  128
673  129
673  130
673  131
672  132
672  133
670  134
670  135
670  136
669  137
670  138
671  139
670  140
671  141
671  142
671  143
671  144
671  145
671  146
671  147
671  148
671  149
671  150
671  151
671  152
671  153
671  154
670  155
670  156
669  157
667  158
665  159
663  159
661  160
659  161
658  161
657  161
656  160
655  158
654  154
653  155
652  155
652  156
650  157
647  156
646  158
647  158
647  160
647  161
647  162
648  163
648  164
649  165
650  166
650  167
651  168
651  169
652  170
653  171
654  172
654  173
655  174
658  175
656  176
657  177
657  178
658  179
658  180
659  181
660  182
661  182
662  182
663  184
665  184
664  184
663  181
663  180
663  179
664  178
664  177
664  176
665  175
666  174
666  173
667  172
668  171
668  170
667  169
668  168
669  167
671  166
673  165
675  164
677  163
679  162
681  161
682  162
683  161
685  160
686  161
687  163
688  163
688  162
690  161
692  160
693  160
696  162
695  160
696  160
699  160
700  160
701  160
702  160
703  160
704  160
705  160
706  160
707  160
708  161
709  161
711  162
711  163
713  161
714  161
716  161
717  163
718  164
719  164
719  163
721  162
722  164
723  164
724  165
724  164
726  163
727  163
728  163
729  163
730  163
731  162
733  161
734  161
735  161
736  163
737  163
738  163
739  162
740  162
741  162
742  162
743  162
744  161
745  161
747  161
748  161
749  161
750  161
751  161
752  162
753  162
754  162
755  162
756  162
757  162
760  161
760  160
762  159
765  158
766  157
768  156
769  155
769  154
770  153
770  152
772  151
771  150
772  149
773  148
775  147
775  146
777  145
778  144
778  143
779  142
779  141
780  140
782  139
782  138
782  137
782  136
783  135
785  134
785  133
787  132
785  132
787  130
788  129
787  128
786  128
785  126
785  125
785  124
787  123
786  123
786  121
788  119
789  118
789  117
790  116
790  115
790  114
789  112
788  111
788  110
787  109
787  108
786  107
786  106
786  105
785  104
785  103
785  102
785  101
785  100
784  99
784  98
784  97
784  96
784  95
784  94
784  93
783  92
783  91
783  90
783  89
783  88
783  87
783  86
783  85
783  84
783  83
783  82
783  81
783  80
783  79
783  78
783  77
783  76
783  75
783  74
783  73
782  72
782  71
782  70
782  69
781  68
780  68
779  68
778  68
777  68
776  68
775  68
774  68
773  68
772  68
771  68
770  68
770  69
768  70
767  69
765  70
764  69
763  70
762  68
761  67
760  68
759  68
758  67
757  66
756  66
755  64
754  63
753  63
752  62
751  62
750  62
749  59
748  58
747  58
746  58
745  58
744  57
743  58
742  57
741  56
740  56
739  56
738  55
737  55
736  54
735  54
734  53
733  54
732  52
732  53
730  53
729  54
728  53
727  54
726  53
725  54
724  53
723  54
722  53
721  53
720  53
720  54
718  53
717  54
716  54
#Nuclei: 194 223, 158 (# of boundary points, coordinates of center)
212  122
211  122
210  122
208  122
207  122
206  122
205  122
204  123
203  123
202  124
201  124
200  125
199  126
198  127
196  128
193  129
194  130
193  131
192  132
190  133
189  134
188  135
188  136
187  137
186  138
186  139
186  140
185  141
185  142
184  143
184  144
184  145
184  146
184  147
184  148
184  149
184  150
184  151
184  152
184  153
184  154
184  155
184  156
184  157
184  158
185  159
185  160
186  161
186  162
186  163
187  166
188  169
188  170
188  171
189  175
194  176
193  177
193  178
196  179
196  180
197  180
198  181
200  182
200  183
201  184
202  185
203  186
204  187
205  187
207  187
208  187
209  188
210  189
211  189
212  190
213  190
214  190
215  191
216  192
217  191
218  191
219  192
220  192
221  192
222  192
223  193
224  195
225  195
226  195
227  195
228  195
229  195
230  195
231  195
232  196
233  197
234  197
235  197
236  197
236  196
237  195
239  194
240  194
241  194
243  193
245  193
247  192
248  191
249  191
254  190
253  190
252  188
253  187
255  186
256  185
256  184
256  183
256  182
256  181
256  180
257  179
259  178
262  177
263  176
260  176
260  175
260  173
259  171
259  170
259  169
263  168
263  167
262  167
262  165
263  164
262  164
261  163
262  161
261  161
262  159
261  157
261  156
260  156
260  154
261  151
261  152
259  150
258  149
258  147
257  146
256  144
255  139
255  140
253  138
252  136
251  136
250  135
249  135
248  133
247  132
246  128
245  129
244  129
243  129
242  129
241  129
240  128
239  128
238  126
237  126
236  124
235  125
234  124
233  124
232  124
231  124
230  122
229  123
228  122
227  122
226  122
225  122
224  122
223  122
222  123
221  122
220  122
219  121
218  121
217  121
216  121
215  121
214  122
213  121
#Nuclei: 203 364, 182 (# of boundary points, coordinates of center)
390  149
390  150
388  151
386  150
384  151
383  152
382  152
381  152
380  152
379  153
377  152
376  152
375  152
374  152
373  152
372  152
371  152
371  153
367  154
366  154
366  155
364  156
362  156
361  157
359  156
358  156
357  155
356  155
356  156
354  157
353  156
352  156
351  156
351  157
349  158
348  158
346  159
342  159
341  160
341  161
339  162
336  159
338  162
336  161
336  162
335  163
333  164
331  165
327  163
329  165
325  165
324  165
323  166
322  167
321  167
320  166
319  167
318  166
317  166
316  166
315  167
314  167
312  168
312  169
314  170
314  171
315  172
316  174
318  175
318  176
319  178
320  180
320  184
321  185
321  186
321  187
321  188
321  190
321  191
326  193
326  194
327  196
328  199
328  201
330  202
330  203
329  204
330  205
330  206
328  209
329  209
330  208
331  208
332  209
334  209
335  211
336  212
337  214
338  216
338  214
339  213
341  214
342  213
343  215
344  217
345  216
345  215
347  217
351  218
353  219
353  220
353  222
356  222
355  223
357  223
358  223
359  223
360  223
361  223
361  222
362  221
363  220
365  222
365  221
365  219
367  218
368  217
368  216
369  215
370  214
372  213
373  212
375  211
377  210
377  209
378  208
380  207
383  206
384  205
384  204
386  203
389  202
389  201
395  202
394  203
395  203
396  203
396  202
396  200
395  199
396  198
398  197
397  196
398  195
398  194
398  193
399  192
400  191
400  190
400  189
401  188
407  188
406  187
406  186
408  185
411  184
411  183
412  182
412  181
413  179
413  178
413  176
414  175
413  175
412  176
413  172
412  171
411  171
410  169
409  168
408  167
408  168
406  168
405  168
404  167
403  165
402  163
401  161
400  159
399  157
399  156
399  155
399  154
399  153
399  152
398  152
397  151
396  151
395  148
394  149
393  150
392  149
391  149
#Nuclei: 370 991, 232 (# of boundary points, coordinates of center)
1021  159
1021  158
1020  159
1019  159
1018  159
1017  159
1016  159
1015  160
1014  160
1013  160
1012  161
1011  161
1010  161
1009  161
1008  162
1007  162
1006  162
1005  162
1004  162
1003  162
1002  162
1001  162
1000  163
999  163
998  163
997  163
996  163
995  163
994  163
993  163
992  164
991  164
990  164
989  164
988  164
987  164
986  165
985  165
984  165
983  165
982  166
981  166
980  167
979  167
978  167
977  168
976  168
975  169
974  169
973  169
972  170
971  170
970  171
969  171
968  172
967  172
966  173
965  174
964  174
963  175
962  176
961  177
960  177
960  178
958  179
957  180
957  181
958  182
959  183
959  184
959  185
959  186
960  188
961  190
962  192
963  194
963  195
962  197
962  198
962  199
963  200
961  201
961  202
961  203
962  204
962  205
962  206
962  207
961  208
961  209
962  210
962  211
963  212
963  214
963  215
963  216
963  217
964  219
965  220
965  221
966  223
966  224
966  225
966  227
966  229
966  230
966  231
966  232
966  233
966  234
965  235
965  236
965  237
965  238
965  239
962  240
962  241
962  242
965  243
964  244
964  245
964  246
964  247
964  248
964  249
964  250
963  251
962  252
962  253
962  254
961  255
961  256
960  257
960  258
960  259
959  260
959  261
958  262
957  263
958  264
958  265
958  266
957  267
956  268
951  269
954  269
953  270
953  271
953  273
952  274
952  275
952  276
951  277
950  278
949  279
950  280
949  281
949  282
949  283
948  284
947  285
947  286
945  287
946  288
945  289
944  290
944  291
945  292
945  293
945  294
945  295
946  296
946  297
946  298
946  299
947  299
948  299
949  299
950  299
951  300
952  299
953  299
954  299
955  299
957  298
958  299
960  299
960  298
962  297
964  296
967  295
969  294
970  295
971  295
972  295
973  295
974  295
975  295
975  294
977  293
978  293
979  293
980  293
982  293
984  293
985  292
987  292
987  293
989  292
990  292
991  293
991  292
993  291
994  291
995  291
996  291
999  291
999  290
1001  289
1002  289
1003  291
1004  291
1005  291
1006  291
1006  290
1008  290
1009  290
1010  290
1011  290
1012  290
1013  290
1014  290
1015  290
1016  291
1017  291
1018  291
1019  291
1020  291
1022  291
1022  290
1023  289
1021  289
1021  288
1020  288
1019  286
1018  284
1020  283
1022  282
1023  281
1023  280
1023  279
1023  278
1023  277
1023  276
1023  275
1023  274
1023  273
1023  272
1023  271
1023  270
1023  269
1023  268
1023  267
1023  266
1023  265
1023  264
1023  263
1023  262
1023  261
1023  260
1023  259
1023  258
1023  257
1023  256
1023  255
1023  254
1023  253
1023  252
1023  251
1023  250
1023  249
1023  248
1023  247
1023  246
1023  245
1023  244
1023  243
1023  242
1023  241
1023  240
1023  239
1023  238
1023  237
1023  236
1023  235
1023  234
1023  233
1023  232
1023  231
1023  230
1023  229
1023  228
1023  227
1023  226
1023  225
1023  224
1023  223
1023  222
1023  221
1023  220
1023  219
1023  218
1023  217
1023  216
1023  215
1023  214
1023  213
1023  212
1023  211
1023  210
1023  209
1023  208
1023  207
1023  206
1023  205
1023  204
1023  203
1023  202
1023  201
1023  200
1023  199
1023  198
1023  197
1023  196
1023  195
1023  194
1023  193
1023  192
1023  191
1023  190
1023  189
1023  188
1023  187
1023  186
1023  185
1023  184
1023  183
1023  182
1023  181
1023  180
1023  179
1023  178
1023  177
1023  176
1023  175
1023  174
1023  173
1023  172
1023  171
1023  170
1023  169
1023  168
1023  167
1023  166
1023  165
1023  164
1023  163
1023  162
1023  161
1023  160
#Nuclei: 172 193, 272 (# of boundary points, coordinates of center)
193  238
192  239
191  240
189  241
189  242
189  243
186  244
187  244
184  246
185  247
182  248
178  248
182  249
180  250
176  251
176  252
174  253
172  254
171  254
168  255
167  252
167  253
165  254
164  255
163  256
162  255
160  256
159  256
158  256
157  256
156  256
155  256
154  256
153  257
151  257
152  258
152  259
153  260
153  261
152  263
151  264
151  265
154  266
154  267
154  268
154  269
154  270
155  272
156  273
157  275
158  277
159  283
159  284
163  285
164  286
165  288
166  289
167  290
168  292
169  294
170  296
171  298
172  299
173  301
175  302
176  306
177  306
177  305
179  304
180  304
181  304
182  306
183  307
183  306
184  305
186  304
187  304
188  304
189  304
190  304
191  305
192  305
194  304
195  304
196  305
197  305
198  305
199  306
200  309
201  309
202  308
204  307
204  306
206  305
208  304
210  303
212  302
214  301
216  300
218  299
219  299
221  298
222  298
224  301
223  298
224  297
224  296
223  295
223  294
223  293
224  292
225  291
226  290
226  289
226  288
228  287
228  286
228  285
228  284
228  283
228  282
228  281
228  280
229  279
229  278
229  277
229  276
229  275
229  274
228  274
227  272
227  271
227  270
226  267
225  267
224  267
223  266
222  265
221  263
220  261
219  258
218  256
217  255
217  252
216  252
215  250
214  250
213  248
212  248
211  247
210  246
209  244
209  242
210  238
209  238
209  239
208  243
206  240
205  240
204  240
203  240
202  240
201  241
200  236
200  239
199  239
198  239
196  237
196  239
193  239
193  237
192  237
#Nuclei: 200 685, 285 (# of boundary points, coordinates of center)
670  246
669  246
670  247
668  248
665  248
666  249
664  250
662  251
658  252
657  252
657  253
655  254
654  254
653  255
650  256
650  257
650  258
649  259
649  260
650  261
648  262
648  263
648  264
648  265
648  266
648  267
648  268
647  269
647  270
647  271
647  272
647  273
647  274
648  275
647  276
647  277
647  278
648  279
647  280
648  281
648  282
648  283
648  285
648  286
648  287
650  288
650  289
650  290
650  291
650  292
651  294
652  296
654  298
655  300
656  301
657  302
658  303
659  305
660  307
662  308
662  309
664  310
664  311
666  312
666  313
667  313
669  314
670  314
671  316
672  318
673  319
674  318
675  317
676  318
677  319
678  319
679  319
680  319
681  319
682  320
683  320
684  320
685  320
686  320
687  321
688  321
689  323
690  323
691  323
692  323
693  323
694  325
695  325
696  324
697  325
698  325
699  325
700  325
701  325
702  325
703  325
704  324
705  323
706  323
707  323
708  323
711  322
712  321
711  321
710  319
710  318
711  317
711  316
712  315
713  314
715  313
717  312
718  311
717  310
718  309
718  308
719  307
719  306
719  305
719  304
719  303
719  302
718  301
718  300
718  299
718  297
718  296
718  295
718  294
718  293
718  292
718  291
718  290
718  289
719  288
719  287
719  286
719  285
718  284
719  283
718  281
717  280
716  279
716  277
715  274
715  273
716  272
715  271
716  269
715  268
714  268
713  267
712  266
711  262
710  262
709  260
709  256
708  256
707  256
706  256
705  255
704  255
703  256
702  256
701  254
700  255
699  255
698  255
697  254
696  254
695  253
694  252
693  250
692  249
691  249
690  249
689  249
688  249
687  249
686  249
685  249
684  249
683  249
682  247
682  249
680  249
679  250
678  250
677  249
676  248
675  249
674  248
673  249
672  249
671  246
#Nuclei: 161 378, 281 (# of boundary points, coordinates of center)
358  255
357  255
356  255
355  255
353  256
349  255
351  256
351  257
351  258
351  259
351  260
351  261
351  262
351  265
351  266
352  267
352  268
351  269
351  270
351  271
352  274
353  275
353  276
353  277
353  279
353  280
353  281
352  283
352  284
354  285
353  286
352  287
353  288
353  289
352  290
352  291
351  292
351  293
350  294
347  295
348  295
349  295
350  295
352  295
355  295
356  296
357  297
358  298
359  299
359  301
360  302
361  302
362  302
363  302
364  303
366  302
367  303
368  308
369  308
370  308
371  308
371  307
371  306
374  307
375  307
375  306
376  305
378  304
379  304
380  304
381  304
383  305
384  306
384  305
386  304
388  303
391  302
393  302
394  301
395  301
396  301
397  301
398  301
399  301
400  300
401  300
402  300
403  300
405  299
407  298
409  297
411  296
413  295
416  295
416  294
415  295
415  293
414  291
414  290
414  289
416  288
416  287
415  287
414  285
414  284
413  282
413  281
412  279
411  277
410  275
410  274
410  273
410  272
409  271
408  271
407  268
406  268
405  269
404  268
403  267
402  267
401  266
400  265
399  263
398  263
397  263
396  263
395  264
394  264
393  264
392  264
391  264
390  264
389  264
388  263
387  264
386  264
385  264
384  263
383  262
382  262
381  261
379  261
377  262
376  261
375  261
374  261
373  261
372  261
371  261
370  260
369  260
368  259
367  259
366  258
365  257
364  256
363  255
361  255
360  255
359  255
#Nuclei: 218 325, 335 (# of boundary points, coordinates of center)
313  296
312  295
312  296
310  297
309  297
307  298
306  295
306  297
304  297
303  297
302  297
301  298
300  299
295  299
298  300
296  301
295  302
293  303
292  304
291  305
289  306
289  307
288  308
288  309
288  310
282  311
286  312
286  313
285  314
285  315
284  316
284  317
283  318
283  319
282  320
280  321
280  322
280  323
280  324
280  325
281  326
282  327
278  328
279  328
281  330
279  331
280  331
281  333
281  334
281  335
280  336
276  337
276  338
281  339
281  340
281  341
279  343
283  345
283  346
282  347
285  349
284  351
287  352
288  355
291  356
292  357
293  359
294  359
295  359
296  359
297  360
298  361
299  363
300  364
301  365
302  366
303  369
306  370
305  371
306  371
307  371
308  371
309  371
310  370
311  372
312  373
313  372
314  372
315  371
316  370
317  370
318  370
319  370
320  371
322  371
323  372
324  372
325  372
326  372
327  372
329  372
329  374
330  374
331  373
332  373
333  374
334  375
334  374
336  373
337  373
338  375
339  375
340  375
342  374
342  373
344  373
345  372
347  371
349  371
350  371
352  371
353  372
354  370
356  369
359  371
359  370
359  369
360  368
363  367
367  366
367  365
366  365
366  363
367  362
368  361
370  360
369  360
368  358
371  357
371  356
371  355
371  354
370  353
370  352
369  352
368  350
368  349
368  348
368  347
367  345
367  343
366  342
366  341
366  338
366  337
366  336
366  335
366  334
367  333
366  332
366  330
366  329
365  328
365  327
365  324
364  324
363  323
362  321
361  319
360  317
359  317
358  313
357  313
356  309
356  308
356  307
356  306
356  305
356  304
355  304
355  305
354  306
353  305
351  305
348  304
347  304
346  305
345  305
344  304
343  304
342  303
341  303
340  297
340  301
339  301
338  301
336  300
335  300
334  300
333  300
332  300
331  299
330  298
329  298
328  296
327  295
326  295
326  296
324  297
323  297
322  297
321  295
320  295
319  296
318  296
316  294
316  295
315  296
#Nuclei: 364 877, 360 (# of boundary points, coordinates of center)
939  304
938  304
937  304
936  304
933  305
932  305
931  304
931  305
929  306
928  305
927  304
926  305
925  304
924  305
923  304
922  305
920  304
919  304
918  305
917  304
916  305
915  304
914  304
913  304
912  305
913  306
912  307
912  308
912  309
910  310
911  311
911  312
909  313
909  314
908  315
908  316
908  317
906  318
907  318
908  320
908  321
908  322
908  323
907  324
906  325
904  326
904  327
904  328
903  329
902  330
900  331
897  332
898  333
896  334
894  335
889  336
888  336
889  337
887  337
885  338
883  335
882  335
883  336
881  337
879  337
876  336
878  337
878  338
877  339
871  340
874  341
869  342
868  343
867  344
866  343
865  343
864  343
863  340
862  340
861  340
860  340
859  340
858  339
857  338
856  338
855  339
854  340
853  341
852  340
851  340
850  338
849  338
848  338
847  338
846  338
845  338
844  338
843  338
842  338
841  338
840  338
839  338
838  337
837  338
836  338
835  336
834  336
833  336
832  336
831  336
830  336
829  336
828  336
827  337
826  337
826  338
825  339
823  340
821  341
817  342
816  342
816  343
814  344
813  344
812  344
811  345
810  346
809  347
809  348
809  349
809  350
808  351
809  352
808  353
808  354
808  355
808  356
808  357
808  358
808  359
808  360
808  361
808  362
806  363
808  363
808  365
808  366
808  367
808  368
807  369
808  370
807  371
807  372
807  373
807  374
806  376
806  377
806  378
807  379
807  380
806  381
805  382
805  383
802  384
802  385
802  386
802  387
801  388
802  389
802  390
802  391
802  392
801  393
801  394
802  397
803  397
804  397
805  398
806  398
807  399
808  399
809  400
810  400
811  401
812  401
813  402
814  402
815  402
816  403
817  403
818  404
819  404
820  405
821  406
822  406
823  407
824  408
825  408
826  409
827  409
828  410
829  410
830  411
831  411
832  412
833  412
834  413
835  414
836  414
837  415
838  415
839  416
841  416
842  416
843  415
845  415
845  414
847  413
849  412
852  412
853  412
854  412
855  413
856  415
857  416
858  417
859  416
860  415
861  414
862  414
863  415
864  417
865  417
867  416
867  417
868  418
869  417
870  416
871  416
872  416
873  415
874  415
875  415
877  414
879  413
880  412
882  411
884  410
886  409
888  408
890  407
891  408
892  408
894  408
895  407
898  406
898  405
903  405
903  404
902  404
902  403
902  401
903  400
904  399
905  398
905  397
905  396
906  395
906  394
909  393
909  392
908  392
908  390
909  389
909  388
910  387
911  386
913  385
915  384
917  383
922  382
923  381
924  381
925  380
927  380
927  381
929  379
930  379
931  379
933  379
932  379
931  377
931  376
931  375
931  374
931  373
931  372
931  371
931  370
932  369
932  368
933  367
933  366
938  365
938  364
935  365
935  364
935  363
934  361
935  359
935  358
935  357
936  356
936  355
937  354
938  353
940  352
940  351
940  350
941  349
939  349
939  347
941  346
940  347
941  344
940  344
939  343
938  341
939  339
939  338
939  337
939  336
940  335
940  334
940  333
939  332
941  331
941  330
940  330
941  328
940  328
939  326
939  325
938  323
939  322
939  321
940  320
942  319
943  318
942  317
942  316
942  315
944  314
943  314
942  312
944  311
943  311
942  309
942  308
943  307
943  306
943  304
942  305
940  304
#Nuclei: 373 517, 454 (# of boundary points, coordinates of center)
496  371
495  370
492  370
492  371
489  372
487  372
486  373
485  372
484  372
483  372
482  372
481  372
480  373
479  373
478  373
477  373
476  372
475  372
474  373
472  374
470  374
468  374
467  375
466  375
465  376
464  375
463  375
462  375
460  374
461  375
458  375
456  376
456  377
454  378
453  378
451  379
449  379
448  380
448  381
447  382
446  383
445  384
444  385
443  386
442  387
441  388
440  389
439  390
438  391
437  392
436  393
433  394
433  395
432  396
432  397
432  398
432  399
432  400
431  401
431  402
431  403
431  404
428  405
428  406
428  407
427  408
430  409
426  410
428  410
428  412
426  413
426  414
428  415
428  416
428  417
427  418
428  419
428  421
428  422
428  423
428  424
428  425
428  426
428  427
428  429
428  430
431  431
431  432
431  433
431  434
432  436
434  437
434  439
438  441
438  442
438  443
439  444
440  446
441  447
443  448
444  449
445  451
447  453
448  457
452  458
452  459
452  460
453  462
454  464
456  465
457  467
458  469
459  469
460  468
462  468
463  469
464  469
465  471
467  472
467  473
468  473
470  473
470  475
471  475
472  475
473  475
476  476
476  477
477  479
478  478
479  479
481  479
482  481
483  482
484  481
485  482
486  483
487  484
488  486
490  486
492  487
492  488
494  489
494  490
495  491
496  492
497  497
498  498
501  500
500  501
503  501
504  503
506  504
506  505
508  506
509  507
510  508
511  510
512  511
513  511
514  512
516  513
516  514
518  515
519  515
520  517
522  518
523  519
525  520
525  521
527  523
527  524
530  525
529  527
532  525
532  526
533  527
535  527
535  528
537  527
538  528
539  527
540  527
541  526
542  527
544  526
545  526
547  526
548  525
550  525
551  525
554  525
553  526
555  524
556  523
557  523
560  526
558  524
562  524
563  524
564  523
565  523
566  522
567  522
568  521
569  521
570  521
571  521
572  521
575  521
576  520
577  521
578  521
579  523
580  523
580  522
581  521
583  520
584  519
585  519
586  519
588  521
589  520
590  520
591  520
592  519
592  518
593  517
596  516
597  515
597  514
598  513
599  512
601  511
602  510
603  509
603  508
603  507
603  506
604  505
606  504
605  504
604  502
604  501
604  500
604  499
604  498
603  497
602  496
603  494
603  493
603  492
603  491
604  490
604  489
605  488
607  487
606  486
605  486
604  484
606  483
605  483
604  483
603  483
602  483
601  480
600  480
599  479
598  480
597  480
596  480
595  480
594  479
593  478
592  478
591  476
590  476
589  474
588  474
587  474
586  474
585  472
584  471
583  471
582  470
581  469
580  468
579  468
578  467
577  466
576  466
575  467
574  467
573  467
572  467
571  467
570  467
569  465
568  464
567  464
566  463
565  462
564  460
563  456
562  456
561  454
560  452
559  449
559  448
558  448
557  448
556  446
555  443
554  442
553  440
552  438
551  435
551  434
550  433
549  431
548  430
547  429
546  428
545  426
544  426
543  424
542  425
541  421
540  421
539  421
538  420
537  418
536  412
536  413
534  412
533  408
532  408
532  406
531  405
530  405
529  402
528  401
527  401
526  399
525  400
524  399
523  399
522  398
521  396
520  394
519  394
518  393
517  392
516  391
515  388
515  389
513  390
512  388
511  388
510  388
509  387
508  385
507  384
506  383
505  381
504  380
503  378
502  376
501  374
500  374
499  373
498  373
497  370
#Nuclei: 305 679, 432 (# of boundary points, coordinates of center)
664  378
663  379
662  379
661  380
659  381
657  382
654  382
653  382
652  382
652  383
650  384
649  385
649  386
648  387
647  388
645  389
643  390
641  391
641  392
640  393
640  394
640  395
640  396
640  397
640  398
639  399
639  400
638  401
638  402
638  403
634  404
636  405
634  406
634  407
632  408
632  409
630  410
630  411
627  412
628  413
628  414
628  415
629  416
630  417
630  418
630  419
630  420
629  421
628  422
628  423
626  424
626  425
625  426
624  427
625  428
625  429
625  430
625  431
624  432
624  433
623  434
625  435
623  436
624  437
625  438
624  439
624  440
624  441
624  442
624  443
624  444
625  445
624  446
624  447
623  448
623  449
623  450
624  451
623  453
624  454
624  455
624  456
624  458
625  459
625  460
624  462
625  463
625  464
625  465
625  466
625  467
627  467
628  468
629  469
630  469
632  470
633  472
634  475
634  473
636  475
638  475
639  474
640  475
642  476
644  476
644  477
645  477
646  479
648  479
649  479
650  480
651  480
652  481
654  481
654  482
656  483
656  484
658  484
658  486
658  485
660  485
662  484
662  485
663  485
664  485
666  485
666  484
668  483
669  483
671  484
671  483
673  483
674  483
675  483
676  483
678  482
678  483
679  483
680  483
681  483
682  483
683  483
684  483
685  482
686  482
688  482
688  481
690  480
692  480
693  480
694  479
695  479
697  479
699  479
699  478
701  477
703  476
704  476
706  475
709  474
711  474
711  475
712  474
713  474
714  474
716  476
716  477
717  477
718  477
719  477
721  476
724  475
725  474
725  473
726  472
726  471
727  470
727  469
727  468
728  467
728  466
728  465
729  464
729  463
729  462
729  461
729  460
730  459
730  458
730  457
730  456
730  455
731  454
731  453
731  452
731  451
731  450
731  449
732  448
732  447
732  446
732  445
732  444
732  443
732  442
733  441
733  440
733  439
733  438
733  437
733  436
733  435
733  434
733  433
734  432
734  431
734  430
734  429
734  428
734  427
734  426
734  425
734  424
734  423
734  422
734  421
734  420
734  419
734  418
734  417
733  416
732  416
731  414
731  413
730  412
729  412
728  410
728  409
728  407
727  404
726  405
725  403
724  400
723  400
722  398
721  396
720  394
719  390
719  389
718  389
717  386
717  385
718  384
717  384
716  384
715  384
714  384
713  383
712  382
712  383
710  383
709  381
708  381
709  382
706  383
705  381
705  382
703  382
702  382
701  380
700  380
699  380
698  380
697  380
696  380
695  380
694  380
693  380
692  379
691  379
690  379
689  378
688  378
687  378
686  378
685  378
684  378
683  378
682  378
681  378
680  378
678  378
677  378
677  379
675  378
675  379
673  379
672  377
671  378
670  378
669  378
668  377
667  378
666  378
665  378
#Nuclei: 339 779, 443 (# of boundary points, coordinates of center)
743  382
740  382
740  381
737  380
738  381
742  383
742  384
743  386
744  388
745  390
746  393
746  394
744  395
745  395
746  397
745  398
745  399
742  400
743  401
742  402
741  403
741  404
741  405
740  406
736  407
736  408
736  409
735  410
734  414
734  415
734  416
735  417
735  418
735  419
735  420
735  421
735  422
735  423
735  424
735  425
735  426
735  427
735  428
735  429
735  430
735  431
735  432
734  433
734  434
734  435
734  436
734  437
734  438
734  439
734  440
734  441
733  442
733  443
733  444
733  445
733  446
733  447
733  448
732  449
732  450
732  451
732  452
732  453
732  454
731  455
731  456
731  457
731  458
731  459
730  460
730  461
730  462
730  463
730  464
729  465
729  466
729  467
728  468
728  469
728  470
727  471
727  472
726  473
726  474
725  475
725  476
726  477
726  478
727  478
726  479
727  479
729  479
730  479
731  479
732  479
733  479
734  479
735  479
736  479
737  480
738  480
739  481
740  481
742  481
743  483
744  483
745  483
746  484
747  485
748  484
749  485
750  486
751  487
752  487
753  487
754  487
755  487
756  487
757  488
758  488
759  490
761  490
762  490
763  491
764  493
766  494
766  495
767  497
768  499
769  503
769  504
769  505
768  506
769  509
770  510
771  510
772  510
773  510
774  510
775  510
776  510
777  510
778  510
779  510
780  510
781  509
782  509
783  509
784  509
785  509
786  509
787  509
788  509
788  508
790  509
790  508
791  507
792  506
793  505
794  504
795  503
796  502
798  501
800  500
802  499
804  498
806  497
808  496
809  495
810  494
812  493
814  492
819  491
820  491
821  490
822  490
823  490
823  489
825  488
827  487
832  486
831  485
832  484
832  483
832  482
834  481
836  480
836  479
837  478
837  477
838  476
839  475
839  474
840  473
841  472
841  471
842  470
842  469
843  468
843  467
844  466
845  465
846  464
846  463
847  462
847  461
848  460
849  459
850  458
849  457
848  456
849  455
849  454
849  452
848  452
848  451
847  449
847  448
846  447
845  445
844  443
843  440
842  439
841  437
841  436
841  435
841  434
840  432
839  430
838  428
839  427
839  426
839  425
839  424
841  423
840  423
839  421
841  419
840  418
839  417
839  418
837  416
836  415
835  415
834  414
833  413
832  413
831  412
830  412
829  411
828  411
827  410
826  410
825  409
824  409
823  408
822  407
821  407
820  406
819  405
818  405
817  404
816  404
815  403
814  403
813  403
812  402
811  402
810  402
809  401
808  400
807  400
806  400
805  399
804  398
803  398
802  398
801  399
800  399
799  397
799  399
798  398
796  399
795  399
794  399
793  399
790  400
789  399
788  399
787  400
786  399
785  398
784  398
783  397
782  396
781  394
780  395
779  395
778  393
777  393
776  392
775  390
774  390
773  389
772  388
771  388
770  388
769  387
768  385
767  384
766  384
765  383
764  384
763  383
762  384
761  383
760  384
759  383
758  383
757  383
756  384
755  383
754  384
753  383
752  384
751  385
750  384
749  385
748  383
747  383
746  383
745  383
744  381
743  381
#Nuclei: 315 208, 440 (# of boundary points, coordinates of center)
195  382
194  382
193  383
192  383
191  384
189  385
188  385
187  386
185  387
182  388
181  389
180  390
178  391
177  392
175  393
173  394
171  395
170  396
170  397
169  398
168  399
165  400
165  401
165  402
165  403
165  404
164  405
163  406
162  407
157  408
157  409
157  410
160  411
158  412
158  413
158  414
158  415
158  416
157  417
157  418
157  419
155  420
155  421
155  422
155  423
154  424
153  425
153  426
152  427
150  428
150  429
150  430
150  431
147  432
147  433
147  434
147  435
147  436
147  437
147  438
147  439
150  440
150  441
150  442
148  444
148  445
148  446
148  447
148  448
150  449
149  450
149  451
150  452
150  453
150  454
150  456
149  457
149  458
149  459
150  460
150  461
151  462
148  464
151  465
151  466
151  467
152  468
152  469
151  471
154  473
154  474
155  476
156  478
157  480
158  482
159  485
160  486
162  487
163  488
163  489
164  490
165  490
166  491
167  495
167  494
169  493
170  495
171  495
174  496
175  496
176  497
177  498
178  500
179  501
180  500
180  499
182  498
183  498
184  499
185  499
186  499
187  500
188  500
189  500
190  500
191  500
192  501
193  501
194  501
195  501
196  500
197  500
198  501
199  503
200  503
201  502
202  501
203  501
204  502
205  502
206  503
207  503
208  503
209  503
210  503
212  503
213  503
214  502
215  501
216  501
218  502
219  502
219  501
221  500
223  499
224  499
226  498
228  497
231  496
233  496
232  495
233  494
234  493
236  492
239  491
239  490
241  489
243  488
241  488
242  487
243  485
244  484
246  483
246  482
248  481
249  480
248  479
250  478
251  477
251  476
252  475
253  474
253  473
253  472
255  471
255  470
255  469
255  468
259  467
260  466
259  466
258  464
259  463
261  462
261  461
260  461
260  459
262  458
263  457
262  457
261  456
260  454
261  453
261  452
261  451
263  450
262  449
263  448
264  447
264  446
263  447
262  445
261  443
261  442
264  441
264  440
263  441
262  438
262  437
262  436
262  435
261  434
263  433
263  432
262  431
264  430
264  429
264  428
263  429
262  427
261  425
262  424
261  423
261  422
261  421
260  419
261  417
261  416
260  416
259  414
259  413
259  412
260  411
261  409
261  408
264  407
264  406
261  407
261  406
261  401
260  405
259  404
258  401
257  400
256  400
255  399
254  398
253  397
252  396
251  394
250  393
249  393
248  393
247  391
246  391
245  391
244  388
243  388
242  388
241  387
240  387
239  385
239  387
237  387
236  386
235  385
234  385
233  384
232  384
231  384
230  384
229  384
228  384
227  384
226  382
225  382
224  381
223  382
222  382
222  383
220  382
219  382
218  382
217  382
217  383
215  382
214  382
213  382
212  382
211  383
210  384
209  382
208  382
207  383
206  382
205  382
204  382
203  381
202  381
201  381
200  381
200  382
198  383
197  383
196  383
#Nuclei: 305 881, 515 (# of boundary points, coordinates of center)
866  452
865  452
864  452
862  453
861  454
859  455
856  456
859  456
858  457
857  458
857  460
856  461
855  462
853  463
847  464
846  465
845  466
844  467
844  468
843  469
843  470
842  471
842  472
841  473
840  474
840  475
839  476
838  477
838  478
837  479
837  480
838  481
838  482
836  483
836  484
835  485
833  486
835  487
832  488
832  489
832  490
834  491
833  492
832  494
833  496
834  498
835  500
835  501
834  502
834  503
831  504
832  504
833  506
831  507
832  508
831  509
830  510
829  511
829  512
828  513
826  514
826  515
825  519
826  520
827  521
827  522
828  523
828  524
829  525
829  526
830  527
831  528
831  529
831  530
831  531
832  532
832  533
832  534
832  535
833  536
833  537
833  538
833  539
834  540
834  541
834  542
834  543
835  544
835  545
835  546
836  547
836  548
836  549
836  550
837  551
837  552
837  553
837  554
837  555
837  556
837  557
837  558
839  559
837  560
838  561
838  562
838  563
838  564
838  565
840  566
838  567
840  567
838  569
839  568
841  567
842  567
843  567
845  566
846  565
848  564
849  563
851  562
853  561
855  560
857  559
860  558
862  558
863  559
864  559
865  560
866  563
867  563
868  563
868  562
869  561
871  560
872  560
873  560
874  560
875  560
876  560
878  560
880  560
882  559
883  559
884  560
885  561
886  562
887  563
888  562
889  562
890  563
891  563
892  564
893  564
894  564
895  564
896  563
897  563
898  563
899  564
900  565
901  564
901  563
903  562
905  561
906  561
908  560
910  559
912  563
911  560
912  560
913  561
915  560
917  559
918  560
919  560
920  559
921  558
923  557
923  556
924  555
928  554
926  554
927  553
930  551
929  550
929  549
929  548
930  547
932  546
933  545
936  544
937  543
937  542
938  541
939  540
940  539
940  538
941  537
942  536
944  535
944  534
943  533
943  532
943  531
944  530
945  529
945  528
945  527
946  526
947  525
947  524
947  523
947  522
946  521
946  520
945  519
946  518
947  517
947  516
947  515
946  515
945  513
945  512
945  511
944  510
943  508
942  508
941  507
940  507
939  507
938  507
937  506
936  506
935  504
934  504
933  503
932  502
931  502
930  501
929  499
928  498
927  498
926  497
925  495
924  493
923  491
922  487
922  486
922  485
922  484
921  483
920  482
920  481
919  480
918  479
917  478
916  477
915  476
914  474
913  473
912  471
911  470
910  469
909  467
908  465
907  463
906  461
905  459
904  458
903  458
902  458
901  457
900  457
899  455
898  454
897  454
897  455
895  455
894  455
893  455
892  456
891  456
889  456
888  456
886  456
886  457
884  457
883  456
882  455
881  453
880  453
879  453
879  454
877  455
875  455
874  453
873  453
872  452
871  452
870  449
869  449
869  450
867  452
#Nuclei: 230 793, 544 (# of boundary points, coordinates of center)
798  510
797  510
793  511
791  509
791  511
789  510
788  511
787  510
786  510
785  510
784  510
783  510
782  510
781  510
780  511
779  511
778  511
777  511
776  511
775  511
774  511
773  511
772  511
771  511
770  511
769  510
769  511
767  512
766  512
765  512
764  513
763  513
762  513
760  514
761  515
759  516
757  517
755  518
753  519
750  520
750  521
748  522
748  523
744  524
745  525
740  526
741  527
742  528
738  529
739  530
736  531
736  532
736  533
738  534
738  535
738  536
738  537
738  538
738  539
738  540
737  541
738  541
739  542
740  542
741  542
742  544
745  544
744  545
745  545
747  544
748  545
749  546
750  547
751  548
752  550
753  551
756  552
756  553
756  554
757  556
758  557
759  559
760  561
764  562
762  563
765  565
767  566
767  571
768  571
769  572
770  572
771  573
772  573
773  573
774  574
775  574
776  575
777  575
778  575
779  575
780  576
781  576
782  576
783  576
784  576
785  576
786  576
787  576
788  576
789  576
790  576
791  576
792  576
793  576
794  576
795  576
796  576
797  576
798  577
799  577
800  577
801  577
802  577
803  577
804  577
805  577
806  577
807  577
808  577
809  577
810  577
811  577
812  576
813  576
814  576
815  576
816  576
817  576
818  576
819  576
820  576
821  576
822  577
823  577
823  576
825  576
827  576
827  578
828  576
828  575
830  575
831  574
832  573
832  572
833  571
833  570
833  569
837  567
836  567
835  566
837  564
837  563
837  562
837  561
836  560
836  559
836  558
836  557
836  556
836  555
836  554
836  553
836  552
836  551
835  550
835  549
835  548
835  547
834  546
834  545
834  544
833  543
833  542
833  541
833  540
832  539
832  538
832  537
832  536
831  535
831  534
831  533
831  532
830  531
830  530
829  530
829  527
828  526
828  525
827  524
827  523
826  522
825  522
825  520
824  520
823  518
822  517
822  516
821  518
821  517
819  516
818  517
818  518
816  516
816  518
815  518
813  519
812  518
811  516
810  516
809  513
809  515
807  514
806  514
805  513
804  510
803  510
802  509
801  510
801  511
#Nuclei: 265 275, 571 (# of boundary points, coordinates of center)
285  529
284  529
283  529
282  529
280  529
279  526
279  527
278  528
277  529
275  526
274  526
274  527
274  528
272  529
270  530
269  530
268  530
267  530
265  530
263  531
261  532
259  533
258  533
257  533
256  530
256  531
256  533
255  534
252  535
253  536
251  537
250  538
250  539
249  540
249  541
248  542
248  543
247  544
246  545
245  546
243  547
241  548
240  549
239  550
238  551
235  552
234  553
235  554
236  555
236  556
234  557
232  558
234  559
232  560
233  560
234  562
234  563
234  564
234  565
232  566
232  567
234  568
233  569
233  570
233  571
234  573
233  574
233  575
232  576
231  577
231  578
230  579
230  580
229  581
229  582
228  583
228  584
227  585
223  586
223  587
227  588
227  589
227  590
227  591
227  592
227  593
227  594
227  595
228  597
229  599
230  601
230  603
230  604
230  605
230  606
229  607
229  608
228  609
228  610
228  611
228  612
227  614
225  615
226  615
227  615
229  614
230  614
231  615
232  616
232  615
234  614
235  614
237  615
238  615
239  615
240  615
241  615
242  617
243  617
244  616
245  615
246  615
247  615
248  617
249  617
250  617
251  617
252  617
253  616
254  616
256  616
256  618
257  618
257  617
259  616
261  615
263  614
265  613
268  613
269  613
269  612
271  611
272  612
274  613
275  615
276  615
277  615
278  615
279  614
280  615
281  615
279  613
281  612
283  611
283  610
285  609
287  608
290  607
293  606
293  605
295  604
297  603
299  602
301  601
302  601
303  600
307  599
307  598
308  597
309  596
311  595
311  594
311  593
312  592
313  591
314  590
317  589
316  588
316  587
317  586
319  585
318  585
317  584
317  582
317  581
317  580
318  579
320  578
321  577
321  576
321  575
323  574
324  573
325  572
325  571
326  570
325  569
325  568
325  567
326  566
326  565
326  564
326  563
326  562
326  561
327  560
328  559
328  558
328  557
328  556
328  555
329  554
329  553
330  552
330  551
331  550
330  549
331  548
330  547
330  546
330  545
329  544
328  541
327  540
326  540
326  541
324  538
324  541
323  541
321  540
320  540
319  541
318  540
317  538
316  538
315  538
314  537
313  535
312  535
311  535
310  535
309  534
308  534
307  533
306  533
305  531
304  527
304  529
303  529
301  530
300  527
300  529
298  528
297  528
296  526
296  527
294  528
293  526
292  526
291  526
290  526
289  527
288  527
288  528
286  529
#Nuclei: 120 112, 579 (# of boundary points, coordinates of center)
106  554
105  555
105  556
104  557
100  558
102  559
98  560
96  561
96  562
97  563
97  564
96  565
96  566
96  567
96  568
95  569
94  570
90  571
90  572
91  573
91  574
91  575
91  576
92  577
92  578
92  579
92  581
92  582
92  583
92  584
92  585
94  586
92  587
92  588
92  589
92  590
92  591
94  592
95  592
96  594
97  595
98  594
99  595
100  595
101  595
102  595
103  595
104  595
105  596
106  596
107  595
109  595
109  596
110  596
111  596
112  596
113  597
114  597
115  596
116  597
117  596
118  596
119  596
120  597
121  597
122  597
123  597
124  598
126  597
126  598
127  597
127  596
128  595
129  594
131  593
131  592
133  591
134  590
134  589
134  588
133  587
133  586
134  585
134  584
133  583
133  582
133  581
133  580
133  579
133  578
133  577
133  576
133  575
132  574
132  573
132  572
131  568
130  569
129  567
128  564
127  565
126  564
125  563
124  559
124  562
123  562
122  562
120  563
119  560
118  560
117  560
116  560
115  560
114  561
113  559
112  560
111  559
110  558
109  556
108  556
#Nuclei: 420 804, 624 (# of boundary points, coordinates of center)
765  572
764  572
763  573
761  574
760  574
758  575
756  576
754  576
753  577
752  577
751  577
750  577
749  577
746  578
745  579
743  580
742  580
740  581
739  581
738  580
736  581
734  577
735  581
734  580
733  581
730  582
728  583
728  584
727  585
725  586
723  587
718  588
718  589
717  590
717  591
718  592
716  593
717  594
716  595
715  596
713  597
712  598
713  599
712  600
711  601
710  602
710  603
709  604
706  605
706  606
708  607
708  608
708  609
707  610
706  611
706  612
705  613
703  614
701  615
699  615
696  616
695  617
694  616
694  617
692  618
691  619
691  620
691  621
691  622
691  623
693  624
696  625
696  626
696  627
697  628
698  631
699  631
700  632
702  632
703  634
704  635
705  634
706  635
708  636
710  635
711  636
712  639
714  639
715  639
716  641
719  642
720  642
721  643
722  644
723  645
724  646
725  647
727  647
728  647
729  648
730  648
731  649
732  650
734  651
735  653
736  655
737  654
738  655
739  655
740  655
742  655
742  656
743  656
744  656
745  657
747  657
747  658
748  659
749  659
750  659
751  660
752  660
753  661
754  662
755  662
756  662
757  663
759  664
760  664
761  664
762  665
763  665
764  666
765  667
766  667
767  667
768  669
769  669
770  671
771  670
772  669
773  670
775  671
776  671
777  673
778  674
779  675
780  675
781  675
782  675
783  674
784  675
785  676
787  676
788  675
789  675
790  675
791  675
792  675
793  674
794  673
796  672
798  672
799  672
800  673
801  675
801  674
803  675
804  674
805  674
806  673
806  672
809  671
808  670
809  669
811  668
813  667
816  666
817  665
819  664
822  664
823  664
824  664
825  663
826  662
828  662
829  662
830  662
831  662
832  663
833  662
834  662
835  663
835  662
836  661
838  660
840  659
843  658
843  657
845  656
848  656
849  655
850  656
852  656
854  658
854  659
855  659
856  659
857  659
858  659
859  659
860  659
861  659
863  659
863  661
864  659
865  661
866  661
867  663
868  664
868  663
869  661
872  661
873  661
873  660
875  659
879  659
879  658
881  657
881  656
882  655
884  655
885  654
886  654
887  653
888  653
888  652
890  651
891  651
892  650
893  650
894  649
895  648
896  647
897  646
898  645
899  644
900  643
901  642
902  642
903  641
904  641
905  640
906  639
907  638
907  637
908  636
909  635
909  634
910  633
909  632
909  631
909  630
910  629
909  628
909  627
912  626
912  625
912  624
911  623
911  622
911  621
911  619
910  618
909  616
908  616
907  616
906  615
905  615
904  615
903  614
902  614
901  614
900  613
899  613
898  613
897  613
896  613
895  612
894  612
893  612
892  613
891  612
890  612
889  611
888  610
887  611
886  611
885  611
884  610
883  609
882  609
881  610
880  611
879  609
879  611
878  611
877  612
875  613
873  614
871  615
869  616
865  616
866  617
864  618
862  619
861  619
860  619
859  619
858  618
857  618
856  617
855  616
854  616
853  615
852  614
851  613
850  613
849  612
848  610
847  610
846  609
845  609
844  608
843  606
842  606
841  606
840  606
839  605
838  604
837  600
836  600
836  601
834  601
833  600
832  599
831  597
830  596
829  595
828  594
827  589
826  589
825  588
824  586
825  584
824  583
824  582
826  580
827  579
826  579
825  581
823  578
822  578
821  577
820  577
819  577
818  577
817  577
816  577
815  577
814  577
813  577
812  577
811  578
810  578
809  578
808  578
807  578
806  578
805  578
804  578
803  578
802  578
801  578
800  578
799  578
798  578
797  577
796  577
795  577
794  577
793  577
792  577
791  577
790  577
789  577
788  577
787  577
786  577
785  577
784  577
783  577
782  577
781  577
780  577
779  576
778  576
777  576
776  576
775  575
774  575
773  574
772  574
771  574
770  573
769  573
768  572
767  572
766  572
764  571
#Nuclei: 236 644, 625 (# of boundary points, coordinates of center)
621  587
620  587
619  587
617  587
616  588
617  589
616  590
614  591
611  592
610  593
606  593
606  594
605  595
602  596
602  597
601  598
601  599
600  600
598  601
596  602
596  603
596  604
596  605
596  606
592  607
594  607
593  609
593  610
593  611
593  612
593  613
593  614
593  615
593  616
593  617
593  618
593  619
593  620
593  621
593  622
593  623
593  624
594  625
594  626
596  627
597  627
598  629
600  630
600  631
602  632
602  633
604  634
604  635
607  636
607  638
609  639
611  639
612  641
613  641
614  641
616  642
616  643
617  644
618  644
619  645
621  646
621  647
622  647
623  647
624  648
626  648
629  648
628  649
629  649
630  649
631  649
632  649
633  649
634  649
635  649
636  649
637  649
638  651
639  652
640  654
641  654
642  655
643  654
644  655
647  656
647  657
648  662
651  663
651  664
648  665
649  666
649  667
648  669
648  668
648  670
649  670
650  669
651  669
652  669
653  669
654  668
655  668
655  667
655  666
655  665
655  664
660  663
659  662
660  661
663  660
664  661
665  661
666  661
668  661
668  663
669  663
670  663
671  663
671  662
672  661
672  660
674  659
676  659
677  659
678  659
679  657
679  656
679  655
679  654
679  653
679  651
680  650
680  649
682  648
681  647
681  646
682  645
683  644
685  643
685  642
685  641
685  640
684  640
685  638
686  637
685  636
686  635
686  634
687  633
687  632
687  631
687  630
687  629
687  628
687  627
688  625
689  623
690  622
690  621
690  620
690  619
691  618
690  618
689  619
688  616
687  614
686  610
685  609
685  610
683  609
682  608
681  608
680  608
679  608
678  608
677  605
677  606
675  606
674  605
673  605
672  603
671  601
670  602
669  601
668  601
667  600
666  600
665  599
664  598
663  598
662  597
661  597
660  596
659  593
658  593
659  594
656  593
655  593
654  593
653  593
652  593
651  593
650  593
649  593
648  593
647  593
646  592
645  592
644  592
643  592
642  592
641  592
640  592
639  592
638  591
637  591
636  591
635  592
634  591
633  590
632  590
631  588
630  586
629  586
628  587
627  587
626  587
625  587
624  584
623  584
622  587
#Nuclei: 212 1004, 653 (# of boundary points, coordinates of center)
1021  609
1019  610
1018  610
1016  609
1013  609
1015  610
1013  611
1009  611
1008  611
1007  612
1006  613
1005  614
1004  614
1003  614
1002  614
1001  614
998  614
997  614
996  614
995  614
994  614
993  614
992  614
991  615
989  616
988  616
986  616
985  617
982  616
983  618
980  619
979  620
981  621
981  622
980  623
979  624
979  625
978  626
977  627
976  628
976  629
974  630
973  631
972  632
971  633
969  634
968  635
966  636
967  639
968  640
968  641
969  642
969  643
970  644
970  645
971  646
971  647
972  648
972  649
973  650
973  651
974  652
974  653
975  654
975  655
976  656
976  657
977  658
977  659
978  660
978  661
979  662
979  663
980  664
980  665
981  666
981  667
982  668
983  669
983  670
984  671
985  672
985  673
986  674
987  675
988  676
988  677
989  678
990  679
991  680
992  681
992  682
993  683
994  684
995  685
996  686
997  687
998  688
999  689
1000  690
1001  691
1002  692
1003  693
1004  694
1005  695
1005  696
1006  697
1007  698
1008  699
1012  701
1011  702
1012  702
1013  703
1014  703
1015  703
1016  702
1017  702
1018  702
1019  702
1018  701
1018  700
1023  699
1023  698
1023  697
1023  696
1023  695
1023  694
1023  693
1023  692
1023  691
1023  690
1023  689
1023  688
1023  687
1023  686
1023  685
1023  684
1023  683
1023  682
1023  681
1023  680
1023  679
1023  678
1023  677
1023  676
1023  675
1023  674
1023  673
1023  672
1023  671
1023  670
1023  669
1023  668
1023  667
1023  666
1023  665
1023  664
1023  663
1023  662
1023  661
1023  660
1023  659
1023  658
1023  657
1023  656
1023  655
1023  654
1023  653
1023  652
1023  651
1023  650
1023  649
1023  648
1023  647
1023  646
1023  645
1023  644
1023  643
1023  642
1023  641
1023  640
1023  639
1023  638
1023  637
1023  636
1023  635
1023  634
1023  633
1023  632
1023  631
1023  630
1023  629
1023  628
1023  627
1023  626
1023  625
1023  624
1023  623
1023  622
1023  621
1023  620
1023  619
1023  618
1023  617
1023  616
1023  615
1023  614
1022  614
1023  612
1023  611
1023  610
1022  610
#Nuclei: 267 939, 684 (# of boundary points, coordinates of center)
918  629
917  628
917  629
917  630
917  631
916  632
912  633
910  634
910  635
913  636
912  637
908  638
907  639
906  640
905  641
904  642
903  642
902  643
901  643
900  644
899  645
898  646
897  647
896  648
895  649
896  650
896  651
892  651
893  652
893  653
889  653
888  654
889  655
885  655
884  656
884  657
883  658
882  659
880  660
881  661
883  662
883  663
881  664
882  664
883  666
883  667
882  670
885  671
887  673
887  674
888  676
889  678
887  681
890  683
890  684
889  685
888  686
892  687
892  688
892  689
892  690
892  691
893  693
894  695
893  697
894  698
894  699
892  700
893  701
893  702
892  703
894  704
894  705
894  706
894  707
894  709
896  711
896  712
896  713
897  715
898  717
899  719
899  721
900  722
902  724
903  725
904  727
905  728
906  728
907  730
908  730
909  731
912  732
913  735
915  736
917  736
918  738
919  738
921  738
921  739
922  740
923  740
924  740
925  740
926  740
927  740
927  739
929  739
930  740
931  739
932  740
933  739
934  740
935  739
936  740
937  740
938  740
939  739
940  739
942  739
943  740
944  742
946  742
946  743
948  742
949  742
950  741
953  740
954  739
957  738
959  737
960  737
960  736
960  735
962  734
965  733
965  732
967  731
968  730
969  729
971  728
974  727
974  726
974  725
974  724
975  723
976  722
977  721
979  720
981  719
983  718
985  717
986  716
986  715
987  714
989  713
990  712
991  711
994  710
996  709
996  708
997  707
999  706
1000  705
1000  704
1003  701
1002  700
1002  699
1001  698
1000  697
999  696
998  695
998  694
997  693
996  692
995  691
994  690
993  689
992  688
991  687
990  686
990  685
989  684
988  683
987  682
986  681
986  680
985  679
984  678
983  677
983  676
982  675
981  674
981  673
980  672
979  671
979  670
978  669
978  668
977  667
977  666
976  665
976  664
975  663
974  662
974  661
973  660
973  659
972  658
972  657
971  656
971  655
970  654
970  653
969  652
968  651
968  650
967  649
967  648
966  647
966  646
965  645
965  644
964  643
963  642
963  641
962  641
961  641
960  641
959  642
958  642
957  642
956  640
955  639
954  638
954  639
952  640
955  641
953  642
951  643
949  644
945  644
945  645
944  646
942  647
941  646
940  646
939  645
938  644
937  641
936  641
935  642
934  641
933  640
932  639
931  638
930  638
929  637
928  637
927  636
926  635
925  634
924  633
923  632
922  632
921  632
920  631
#Nuclei: 147 94, 668 (# of boundary points, coordinates of center)
94  642
93  642
92  642
91  642
90  642
87  642
88  643
87  644
86  645
83  646
83  647
84  648
82  649
81  650
81  651
81  652
81  653
80  654
80  655
79  656
78  657
77  658
75  659
74  660
73  661
71  662
72  663
73  664
71  665
71  666
70  667
71  668
71  669
71  670
70  671
70  672
69  673
67  674
66  675
64  676
62  677
62  678
64  679
64  680
65  681
63  682
64  682
65  684
64  687
68  689
66  691
70  692
71  693
72  693
73  694
74  693
75  694
77  695
77  696
78  696
79  695
80  695
81  694
82  695
83  694
84  695
85  694
86  695
87  695
88  695
89  695
90  696
90  695
92  695
93  695
94  695
95  695
94  694
95  693
96  692
97  691
98  690
99  689
102  688
104  687
103  686
106  684
105  683
106  682
106  681
108  680
113  679
114  678
115  677
115  676
117  675
120  674
121  673
120  672
121  671
121  670
121  669
121  668
122  667
122  666
123  665
126  664
126  663
127  662
127  661
126  660
126  659
126  658
126  657
126  656
125  655
125  654
124  651
123  650
123  651
122  652
120  653
119  651
118  652
117  650
116  650
115  650
114  649
113  648
112  647
111  645
110  646
109  645
108  643
107  643
106  642
105  640
104  640
105  641
102  642
101  643
100  640
99  640
98  640
97  641
96  641
95  642
#Nuclei: 297 273, 696 (# of boundary points, coordinates of center)
245  646
244  646
243  646
243  647
241  648
240  649
238  650
237  651
236  652
234  653
234  654
233  655
231  656
230  657
229  658
229  659
226  660
226  661
225  662
224  663
222  664
222  665
222  666
221  667
219  668
218  669
218  670
218  671
217  672
216  673
216  674
214  675
214  676
216  677
216  678
216  679
214  680
214  681
214  682
214  683
214  684
215  685
215  686
215  687
216  687
217  687
219  688
220  689
221  689
222  690
223  691
224  695
225  695
226  695
227  695
228  695
229  696
230  696
231  696
232  696
233  697
234  698
235  699
236  699
237  699
238  699
238  698
240  697
241  697
242  698
243  698
244  700
247  701
246  702
248  703
250  704
250  706
253  707
254  709
255  711
256  713
257  715
258  717
258  719
257  720
257  721
256  722
258  723
257  725
257  726
257  727
257  728
256  729
256  730
256  731
256  732
256  733
256  734
258  735
257  736
257  737
259  738
259  739
260  740
261  742
262  742
263  743
264  746
266  748
267  749
269  750
270  751
271  752
272  754
273  754
274  754
275  754
276  754
277  756
278  756
280  757
280  758
281  757
282  757
283  759
284  760
288  760
286  761
288  761
288  759
290  758
292  759
293  761
294  761
297  760
296  761
297  761
298  761
299  761
300  761
300  760
300  759
300  758
303  757
303  756
302  755
302  754
302  753
303  752
303  751
304  750
305  749
306  748
307  747
308  746
308  745
309  744
311  743
311  742
312  741
311  740
312  739
314  738
315  737
316  736
318  735
319  734
319  733
319  732
319  731
318  730
317  729
316  728
315  729
314  728
313  726
312  725
311  724
310  723
309  721
308  721
307  719
306  719
305  718
304  716
303  715
302  711
301  710
301  707
301  705
301  706
299  704
298  703
299  701
299  700
301  699
301  698
302  697
303  696
302  696
302  694
304  693
304  692
304  691
306  690
306  689
307  688
310  687
311  686
309  686
311  684
311  683
311  682
311  681
311  680
311  679
312  678
311  677
313  676
312  675
314  674
315  673
314  673
313  671
314  670
315  669
315  668
315  667
317  666
316  666
315  664
314  665
313  664
312  664
311  662
310  662
309  661
308  661
307  660
306  659
305  659
304  658
303  656
302  656
301  655
300  655
299  654
298  653
297  652
296  651
295  651
294  650
293  649
292  649
291  648
290  647
289  647
288  647
288  648
286  649
285  649
284  649
283  648
282  649
280  649
278  650
277  650
276  649
275  650
274  649
273  649
272  648
271  647
270  646
269  644
268  645
267  646
266  646
265  644
265  646
262  645
264  646
260  646
259  647
258  644
259  646
256  646
255  646
255  647
253  645
252  646
251  646
250  646
249  646
249  647
247  648
246  648
#Nuclei: 183 677, 694 (# of boundary points, coordinates of center)
661  669
660  669
655  669
654  669
653  670
652  670
655  671
650  670
649  671
648  671
649  672
646  672
648  674
647  675
645  676
642  678
642  679
639  680
638  680
637  681
636  682
636  683
634  684
634  685
634  686
634  687
633  688
633  689
631  690
632  690
633  692
633  693
633  694
634  695
634  696
636  698
636  699
638  701
639  702
640  706
641  707
642  707
643  707
644  709
645  709
646  710
647  710
648  710
649  712
651  712
653  712
653  714
654  713
655  715
656  716
660  717
659  719
660  719
661  718
662  718
663  718
664  718
665  718
666  718
667  718
668  718
669  718
670  717
671  717
672  716
673  715
674  715
675  715
676  715
677  715
678  715
679  715
680  714
681  715
682  715
683  714
684  715
686  716
686  717
687  719
688  718
689  719
690  719
691  718
692  718
693  719
694  719
695  719
696  718
696  717
697  716
699  715
699  714
701  713
702  713
703  713
705  712
709  712
709  711
711  711
712  711
713  711
717  710
716  711
718  711
719  710
718  709
719  708
720  707
722  706
723  705
724  704
723  703
724  702
723  701
723  700
723  698
722  699
721  698
720  696
719  694
718  693
717  689
716  688
715  688
714  687
713  685
712  686
711  685
710  683
709  684
708  682
707  682
706  681
705  681
704  681
703  678
702  677
701  677
700  677
699  678
698  677
697  675
696  673
695  672
694  672
693  672
692  672
691  672
690  671
689  670
688  669
687  668
686  668
685  668
684  668
683  668
682  668
681  668
680  668
679  668
678  667
676  668
675  668
674  668
673  667
672  667
671  665
670  664
669  664
668  664
667  665
666  664
665  664
664  664
663  665
662  669
661  664
#Nuclei: 194 367, 720 (# of boundary points, coordinates of center)
349  688
348  688
347  688
346  689
345  689
344  690
344  691
344  692
344  693
342  694
341  695
340  696
338  697
337  698
336  699
336  700
336  701
336  702
336  703
335  704
333  705
333  706
332  707
332  708
332  709
332  710
332  711
332  712
332  713
333  714
334  715
333  716
332  717
331  718
331  719
329  720
328  721
327  722
328  723
327  724
326  725
326  726
326  727
326  728
327  729
328  731
330  732
330  733
331  733
332  734
334  735
335  737
336  738
337  739
338  739
339  739
340  739
341  740
342  740
343  741
344  741
345  741
348  742
347  743
349  744
351  745
352  745
353  746
354  747
355  748
356  749
357  749
358  749
359  749
360  749
361  750
363  750
364  750
365  751
366  751
367  751
368  751
369  751
370  751
371  751
372  751
373  752
374  752
375  752
378  754
377  755
379  753
380  753
381  752
383  752
383  753
384  752
385  753
386  753
385  752
386  751
386  750
386  749
387  748
389  747
390  746
392  745
395  744
399  744
399  743
401  742
401  741
401  740
401  739
401  738
402  737
403  736
404  735
405  734
405  733
406  732
408  731
408  730
407  732
406  730
405  727
406  726
405  726
404  724
404  723
403  721
402  718
401  717
401  716
400  714
399  711
400  710
403  709
401  710
401  707
401  706
400  706
400  704
401  703
400  703
399  702
398  701
397  702
396  701
395  702
393  700
394  701
391  701
390  700
389  701
388  702
387  700
386  701
385  700
384  699
383  698
382  696
381  696
380  696
379  696
378  696
377  694
376  694
376  695
374  694
373  695
372  694
372  696
371  695
369  694
368  694
367  694
366  693
365  692
364  692
363  692
362  692
361  691
360  690
359  689
358  688
357  688
356  689
355  690
354  690
353  688
352  688
351  688
350  688
#Nuclei: 204 21, 746 (# of boundary points, coordinates of center)
14  698
12  698
11  698
13  699
11  700
10  701
8  702
7  703
5  704
5  705
4  706
0  707
0  708
2  709
2  710
0  711
0  712
0  713
0  714
0  715
0  716
0  717
0  718
0  719
0  720
0  721
0  722
0  723
0  724
0  725
0  726
0  727
0  728
0  729
0  730
0  731
0  732
0  733
0  734
0  735
0  736
0  737
0  738
0  739
0  740
0  741
0  742
0  743
0  744
0  745
0  746
0  747
0  748
0  749
0  750
0  751
0  752
0  753
0  754
0  755
0  756
0  757
0  758
0  759
0  760
0  761
0  762
0  763
0  764
0  765
0  766
0  767
0  768
0  769
0  770
0  771
0  772
0  773
0  774
0  775
0  776
0  777
0  778
0  779
3  780
0  781
0  782
1  782
3  782
4  782
5  782
6  782
7  783
9  782
9  783
10  783
13  784
12  785
14  784
15  784
16  784
17  785
18  785
19  787
19  786
21  785
21  784
23  784
24  784
25  784
27  784
28  784
29  785
30  784
31  784
32  785
33  785
34  785
35  784
36  784
35  783
36  782
38  781
41  780
44  779
46  779
46  778
47  777
48  776
48  775
49  774
51  773
51  772
52  771
53  770
53  769
52  768
53  767
53  766
55  765
55  764
55  763
56  762
56  761
56  760
56  759
56  758
55  757
55  756
55  755
54  753
54  752
55  750
55  749
55  748
54  747
54  746
53  745
53  744
53  742
53  741
53  739
53  738
52  737
52  736
51  735
51  734
50  732
49  730
48  727
47  726
46  724
46  720
45  722
44  720
43  719
42  718
41  716
40  715
39  714
38  714
37  714
36  712
35  711
34  711
33  710
32  710
31  706
30  705
29  706
28  706
27  705
26  705
25  704
24  704
23  702
22  703
21  703
20  702
19  700
18  700
17  700
16  700
15  699
#Nuclei: 301 721, 765 (# of boundary points, coordinates of center)
702  720
700  720
699  720
697  719
696  719
695  720
694  720
693  720
692  720
691  720
690  720
689  720
688  720
687  720
686  721
685  719
685  720
683  720
682  721
681  721
680  721
679  720
678  720
677  720
676  721
675  720
674  721
673  720
672  720
671  718
670  718
669  719
668  719
667  719
666  719
665  719
664  719
663  719
662  719
661  719
661  720
662  721
662  722
662  723
662  724
662  725
662  726
661  727
660  728
660  729
660  730
662  731
660  732
660  733
660  734
660  735
659  736
658  737
657  738
657  740
657  742
658  743
658  744
657  745
656  746
656  747
655  748
655  749
656  750
654  751
655  751
656  753
656  754
656  755
656  757
656  759
658  760
658  761
658  763
659  765
661  764
661  765
662  765
663  766
664  766
665  767
668  768
669  769
670  770
671  771
672  774
673  775
674  775
676  775
677  775
678  775
679  776
680  777
681  778
684  779
686  780
686  781
687  783
688  783
691  784
692  786
693  787
694  788
695  789
696  790
697  791
698  791
699  792
700  793
702  794
703  794
704  796
705  797
706  798
707  798
708  798
709  797
710  798
711  798
712  798
713  799
716  800
717  801
718  802
719  803
720  805
721  806
722  807
723  807
724  807
725  807
726  807
727  807
728  807
729  807
730  807
731  807
732  807
733  806
735  806
735  808
736  809
737  809
738  809
739  808
740  807
742  808
742  811
744  813
745  813
746  814
747  815
748  815
750  814
751  814
752  814
753  814
755  813
757  812
761  811
762  811
763  811
764  811
766  811
767  811
768  812
769  814
770  814
771  815
772  815
773  815
774  815
775  816
776  815
777  816
777  815
777  814
777  813
777  812
776  810
777  807
777  806
776  806
775  804
777  803
777  802
778  801
780  800
780  799
781  798
783  797
783  796
782  796
782  795
781  793
782  792
783  791
788  790
787  790
786  789
787  787
786  786
786  785
786  784
791  783
788  784
788  783
788  782
787  779
786  778
786  777
785  775
784  773
783  771
782  769
781  767
781  766
780  764
780  763
780  762
779  762
778  762
777  760
776  760
775  758
774  758
773  756
772  756
771  754
770  754
769  753
768  752
767  752
766  753
765  752
764  753
763  752
762  752
761  751
760  752
759  751
758  750
757  751
756  751
755  749
754  748
754  749
752  750
752  751
750  752
749  751
748  751
747  750
746  747
745  748
744  748
743  746
742  746
741  745
740  744
739  744
738  744
737  742
736  743
735  743
735  744
733  745
732  744
731  744
730  744
729  743
728  742
727  740
726  740
725  740
724  740
723  737
723  738
721  738
720  739
719  737
718  738
717  737
716  737
715  736
714  736
713  737
712  735
711  735
710  735
709  734
708  732
707  730
706  728
705  726
704  724
#Nuclei: 192 462, 794 (# of boundary points, coordinates of center)
449  755
447  756
445  757
443  758
441  759
439  760
437  761
434  762
433  763
431  764
429  764
428  764
428  765
427  766
424  767
423  768
424  769
423  770
422  771
422  772
421  773
421  774
418  775
419  775
419  777
416  778
417  779
416  780
417  781
417  782
417  783
415  784
415  785
416  786
416  787
416  788
416  789
417  790
417  791
418  793
419  795
419  796
420  798
420  799
421  801
421  802
421  804
422  806
424  807
424  809
427  811
427  812
428  813
429  814
430  815
431  818
432  819
433  819
435  820
438  821
439  822
440  825
441  826
443  826
443  825
445  825
446  827
447  828
448  829
449  830
450  831
452  832
453  834
454  837
455  837
456  837
456  836
456  835
458  834
460  833
461  833
462  833
465  833
466  835
466  833
466  832
468  831
469  831
471  831
474  830
474  829
476  828
478  828
479  829
480  829
481  829
482  829
483  829
483  828
485  827
486  826
487  825
489  824
490  823
490  822
491  821
493  820
495  819
497  818
500  817
500  816
499  816
499  814
499  813
500  812
501  811
503  810
503  809
504  808
503  807
502  806
502  805
503  804
504  803
505  802
510  801
509  801
508  801
507  799
506  797
506  796
507  794
506  794
505  792
505  791
504  787
503  787
503  784
502  784
501  780
500  780
499  779
498  779
497  778
496  778
495  775
494  774
493  774
492  774
491  774
490  770
489  771
488  771
487  768
486  768
485  768
484  768
483  768
482  767
481  767
480  766
479  765
478  764
477  764
476  764
475  765
474  765
473  765
472  765
471  762
470  763
469  764
468  764
467  762
466  758
466  759
466  760
464  761
462  762
461  762
460  761
459  761
457  761
456  761
455  760
454  760
453  758
452  758
451  758
450  754
449  754
449  756
#Nuclei: 228 341, 799 (# of boundary points, coordinates of center)
307  765
306  765
306  766
306  767
304  768
306  769
305  770
303  771
303  772
304  773
303  774
302  775
298  776
300  777
296  778
296  779
295  780
297  781
294  782
296  782
295  783
294  785
294  786
293  787
293  788
292  789
289  790
289  791
289  792
288  793
289  794
289  795
289  796
291  797
291  798
291  799
290  800
292  802
292  805
297  806
295  807
298  808
299  809
300  811
304  812
304  813
303  814
305  814
305  816
306  815
307  815
309  816
309  817
310  817
312  817
312  819
315  820
314  821
315  821
316  821
317  823
318  822
319  823
320  822
321  823
322  823
323  823
325  824
325  825
326  825
327  825
328  825
329  825
330  826
331  827
332  827
334  827
335  828
336  828
337  830
338  830
339  831
340  831
340  830
342  830
343  830
344  831
345  830
346  830
348  830
349  831
350  831
351  832
352  831
353  831
354  831
355  830
356  830
357  830
358  832
358  831
360  831
361  830
362  830
363  830
365  830
366  830
367  830
368  830
369  830
370  829
371  829
372  828
373  828
375  829
375  828
377  827
378  827
379  827
380  827
380  826
381  825
384  824
383  823
385  822
386  821
387  820
389  819
388  818
387  817
387  816
388  815
389  814
389  813
389  812
389  811
389  810
389  809
389  808
389  807
389  806
389  805
391  804
390  804
391  802
391  801
390  801
389  801
388  799
387  797
387  796
386  796
385  795
384  794
383  793
382  790
381  790
380  790
379  791
378  790
377  790
376  787
375  788
374  787
373  786
372  785
371  784
370  784
369  784
368  783
367  782
366  780
365  780
364  780
363  780
362  778
361  777
360  777
359  777
358  777
357  776
356  776
355  776
354  775
353  776
352  775
351  774
350  774
349  774
348  773
347  774
346  774
345  773
344  773
343  774
342  773
341  772
340  772
339  772
338  772
337  773
336  772
335  772
334  771
333  770
332  770
331  769
330  769
330  770
328  769
327  768
326  768
325  769
324  767
323  767
322  767
321  768
320  768
319  768
318  768
317  768
315  768
314  768
313  769
311  769
310  768
309  769
307  764
#Nuclei: 328 896, 864 (# of boundary points, coordinates of center)
863  805
862  806
862  807
860  808
859  808
857  808
856  808
855  809
854  809
852  810
849  809
849  810
851  811
851  812
848  814
848  815
851  816
849  817
849  818
850  819
850  820
850  821
851  822
851  823
851  824
852  825
852  826
852  827
853  828
853  829
853  830
853  831
853  832
854  833
854  834
854  835
854  836
854  837
854  838
854  839
854  840
855  841
855  842
855  843
855  844
855  845
856  846
856  847
856  848
856  849
857  850
857  851
857  852
857  853
858  854
858  855
858  856
859  857
859  858
859  859
860  860
860  861
860  862
860  863
861  864
861  865
861  866
861  867
861  868
862  869
862  870
862  871
862  872
863  873
863  874
863  875
863  876
864  877
864  878
864  879
865  880
865  881
865  882
865  883
865  884
866  885
866  886
866  887
867  888
867  889
867  890
867  891
868  892
868  893
868  894
868  895
868  896
869  897
869  898
869  899
869  900
869  901
869  902
869  903
870  904
870  905
870  906
870  907
870  908
870  909
870  910
870  911
870  912
870  913
871  914
871  915
871  916
871  917
871  918
871  919
871  920
871  921
871  922
871  923
870  924
870  925
870  926
872  927
872  928
873  928
874  928
875  928
876  928
877  928
878  928
879  929
880  931
881  931
881  930
883  929
884  929
885  929
886  929
887  929
888  928
889  928
890  928
891  928
893  928
894  928
895  928
895  927
897  926
898  926
899  927
901  927
903  926
904  925
905  925
907  925
907  924
909  923
910  924
911  925
913  924
913  923
915  922
916  922
918  921
921  920
922  920
924  919
924  918
925  917
926  916
927  915
928  914
929  913
931  912
932  911
933  910
934  909
935  908
935  907
936  906
938  905
939  904
945  903
943  903
945  901
945  900
947  899
948  898
948  897
948  896
947  896
947  894
947  893
947  892
947  891
947  890
947  888
946  887
947  886
951  885
949  885
949  884
949  882
951  881
952  880
951  879
951  878
951  877
950  876
950  875
951  874
951  873
950  872
950  871
950  870
950  869
952  867
951  868
951  866
953  864
952  863
952  862
951  861
951  860
952  859
952  858
951  857
951  856
950  855
951  854
953  853
953  852
952  852
952  851
953  849
952  849
951  847
950  846
949  843
948  841
947  840
946  839
945  839
944  838
943  838
942  837
941  836
940  835
939  833
938  831
937  831
936  830
935  828
934  826
933  827
932  825
931  825
930  824
929  824
928  822
927  822
926  822
925  822
924  821
923  819
922  819
921  818
920  816
919  816
918  816
917  813
916  812
915  812
914  812
913  812
912  812
911  813
910  812
909  812
908  812
907  810
907  811
905  811
904  808
903  808
902  808
901  808
900  808
899  808
898  808
897  808
896  807
895  806
894  806
894  807
892  808
891  808
890  808
889  808
887  808
886  808
885  808
884  808
883  808
882  808
881  808
880  808
879  808
878  808
877  806
877  807
875  806
874  806
873  807
872  808
871  808
870  807
869  808
868  808
867  808
866  808
865  808
864  808
#Nuclei: 287 655, 853 (# of boundary points, coordinates of center)
607  810
606  810
605  810
604  810
602  810
601  811
601  812
600  813
599  814
597  815
594  816
593  817
592  818
592  819
592  820
593  821
594  822
593  823
595  824
595  825
595  826
595  827
594  828
594  829
594  830
593  831
592  832
592  833
592  834
592  835
593  836
592  838
593  839
595  840
595  841
595  842
596  844
597  846
598  848
598  849
600  850
600  851
602  851
602  853
603  853
604  853
605  853
606  853
607  854
608  853
609  853
610  855
613  856
614  858
616  859
616  861
617  861
619  862
619  863
621  863
622  864
623  864
624  863
625  864
626  865
628  866
628  867
629  868
630  869
631  869
632  870
633  870
634  871
635  871
636  871
638  872
638  873
640  874
640  875
642  876
642  877
643  878
644  878
645  878
647  879
648  882
650  883
652  884
652  885
654  885
656  887
656  888
657  888
660  889
660  891
662  892
662  893
663  894
664  895
665  895
667  896
668  899
669  898
670  898
671  898
672  899
673  899
674  899
675  899
678  900
677  901
680  902
681  903
682  905
683  907
686  908
686  909
687  910
688  914
688  913
690  912
691  913
692  912
692  911
693  910
693  909
693  908
693  907
693  906
693  905
693  904
694  903
695  902
693  902
695  900
695  899
695  898
695  897
695  896
696  895
695  894
694  893
695  891
695  890
695  889
695  888
695  887
697  886
697  885
696  885
696  884
697  882
696  881
697  880
702  879
701  878
700  877
701  876
701  875
700  874
701  873
702  872
701  871
701  870
701  869
702  868
703  867
703  866
703  865
702  865
701  863
701  860
701  858
702  857
701  856
701  855
702  854
702  853
702  852
702  851
703  850
703  849
703  848
703  847
703  846
703  845
703  844
704  843
704  842
704  841
704  840
704  839
704  838
703  837
703  836
703  835
702  836
701  836
700  833
699  832
698  833
695  832
697  833
693  832
695  834
693  835
691  836
690  836
688  836
687  836
685  837
684  837
683  837
682  837
680  836
680  837
678  838
677  837
676  836
675  836
674  835
673  835
672  835
671  833
670  833
669  832
668  833
667  833
666  833
665  833
664  833
663  833
662  832
661  832
660  832
659  832
658  831
657  830
656  829
655  825
654  825
655  826
652  826
651  824
650  824
649  823
648  824
647  824
646  824
645  822
644  821
643  820
642  820
641  820
640  820
639  819
638  819
637  818
636  817
635  816
634  816
633  814
632  814
631  814
630  814
629  813
628  812
627  808
626  808
626  809
624  810
623  810
622  808
622  809
620  809
619  810
618  810
617  810
616  808
616  809
614  809
613  808
612  808
611  808
610  808
609  808
608  809
#Nuclei: 417 797, 876 (# of boundary points, coordinates of center)
844  815
842  816
839  816
839  817
837  818
835  819
834  819
833  820
832  821
831  822
830  823
830  824
829  825
827  826
826  827
826  828
827  829
826  830
825  831
824  832
824  833
822  834
822  835
821  836
820  837
819  838
818  839
816  840
814  841
810  842
808  843
806  844
808  845
808  846
806  847
804  848
802  849
800  850
798  851
795  852
794  852
793  852
792  852
791  850
790  850
789  849
788  848
787  848
786  847
785  846
784  845
783  840
783  841
781  842
780  841
779  841
778  840
777  840
776  840
775  840
776  841
773  842
772  841
771  841
770  840
769  840
769  841
767  842
766  842
765  842
764  841
763  840
762  839
761  839
760  838
759  833
759  834
757  833
756  832
755  830
754  829
753  827
752  823
752  825
750  822
749  822
748  822
747  822
747  823
745  824
744  824
743  824
742  824
739  823
740  824
737  825
736  825
735  825
734  825
733  825
732  825
731  825
730  825
729  825
728  825
726  826
725  826
724  826
723  826
722  826
721  826
720  826
718  827
716  828
714  829
712  830
710  829
709  828
708  829
707  826
707  828
705  828
704  828
704  829
703  829
703  833
704  834
704  835
704  836
704  837
705  838
705  839
705  840
705  841
705  842
705  843
704  844
704  845
704  846
704  847
704  848
704  849
704  850
703  851
703  852
703  853
703  854
704  855
704  856
704  857
704  858
704  859
704  860
704  861
704  862
705  863
710  864
709  865
710  865
711  866
712  866
714  868
714  869
715  870
718  870
718  871
718  873
723  874
723  875
723  876
724  878
725  879
726  880
727  882
728  883
729  883
730  883
731  883
732  885
735  886
735  887
737  888
737  889
738  890
740  892
740  893
741  896
743  898
743  899
744  900
745  902
747  903
748  904
749  905
750  906
751  907
752  909
754  911
755  913
756  915
757  916
758  917
759  918
760  919
761  920
762  921
763  922
764  923
766  924
766  925
767  926
768  927
769  927
770  927
772  928
773  929
774  930
775  931
776  932
777  933
778  934
779  935
780  935
781  936
782  936
783  937
784  938
785  939
787  940
790  941
791  943
792  943
793  944
794  945
796  946
796  947
797  948
798  948
800  949
800  950
801  951
802  950
803  951
804  950
805  950
806  951
807  950
808  951
809  951
810  951
811  950
813  950
814  950
815  951
817  951
818  952
819  951
820  951
821  950
822  951
823  951
824  951
825  951
826  951
827  951
828  951
829  951
830  951
831  951
832  951
833  951
834  952
836  951
835  950
837  949
840  948
840  947
839  948
838  946
839  944
838  943
839  942
840  941
842  940
843  939
844  938
845  937
846  936
850  935
850  934
850  933
852  932
855  931
857  930
857  929
859  928
861  927
864  927
866  928
866  930
867  930
867  929
867  928
868  927
869  926
869  925
869  924
869  923
869  922
869  921
869  920
869  919
869  918
869  917
869  916
869  915
869  914
869  913
869  912
869  911
869  910
869  909
869  908
869  907
869  906
868  905
868  904
868  903
868  902
868  901
868  900
868  899
868  898
867  897
867  896
867  895
867  894
867  893
867  892
866  891
866  890
866  889
865  888
865  887
865  886
865  885
864  884
864  883
864  882
864  881
863  880
863  879
863  878
863  877
862  876
862  875
862  874
861  873
861  872
861  871
861  870
860  869
860  868
860  867
860  866
860  865
859  864
859  863
859  862
859  861
858  860
858  859
858  858
857  857
857  856
857  855
857  854
856  853
856  852
856  851
855  850
855  849
855  848
855  847
854  846
854  845
854  844
854  843
854  842
853  841
853  840
853  839
853  838
853  837
853  836
853  835
852  834
852  833
852  832
852  831
852  830
852  829
851  828
851  827
851  826
850  825
850  824
850  823
849  822
849  821
849  820
848  819
848  818
847  817
847  816
846  816
845  816
#Nuclei: 240 411, 891 (# of boundary points, coordinates of center)
421  859
420  859
419  860
417  859
416  859
416  860
415  861
413  862
411  863
406  864
405  865
403  866
402  866
401  867
400  867
399  865
398  866
397  864
396  864
395  864
394  865
393  864
392  864
391  863
390  863
389  864
388  863
387  862
386  862
385  860
384  861
384  862
382  863
381  863
380  862
379  861
378  861
377  862
376  863
375  862
374  860
373  861
373  862
371  863
369  863
368  864
367  864
366  863
365  864
364  864
362  864
359  864
361  865
360  866
360  867
360  868
359  869
359  870
357  871
357  872
357  873
354  874
354  875
353  876
353  877
353  878
354  879
356  880
354  881
356  881
356  882
357  884
358  888
360  889
359  890
361  892
360  894
363  896
363  897
364  901
367  902
368  903
367  904
369  905
371  907
371  908
372  912
373  914
375  915
374  916
377  918
377  919
378  920
379  921
380  922
381  923
383  924
384  927
385  927
388  928
388  929
390  931
390  932
391  933
392  933
393  934
394  936
395  937
396  939
399  940
400  942
401  941
402  942
403  942
404  943
407  944
407  945
408  947
409  947
411  947
412  948
413  948
414  948
415  947
415  946
416  945
418  944
420  943
420  942
423  941
423  940
425  939
424  938
426  937
427  936
430  935
429  935
429  933
432  932
431  931
432  930
432  929
431  928
430  927
431  926
431  925
431  924
432  923
431  923
431  921
431  920
433  919
433  918
435  917
435  916
435  915
434  914
434  913
435  912
437  911
437  910
439  909
441  908
443  907
447  907
450  906
452  906
453  907
454  905
455  903
457  903
457  902
457  901
457  900
458  899
459  898
459  897
459  896
458  896
458  894
458  893
459  890
459  889
459  891
457  889
456  886
457  885
457  884
457  883
457  882
457  881
456  880
455  879
455  878
456  877
458  876
457  875
455  873
457  872
458  871
457  870
456  871
455  869
455  867
457  865
456  864
455  865
454  865
453  864
452  864
451  863
450  860
449  859
449  860
447  860
446  860
445  858
444  856
445  859
443  860
442  860
440  860
439  859
438  858
438  860
436  860
435  860
434  860
433  860
432  860
431  858
430  858
429  858
428  859
427  858
426  859
425  858
424  859
423  858
422  859
#Nuclei: 210 553, 959 (# of boundary points, coordinates of center)
540  908
539  908
538  909
537  909
536  910
535  911
534  912
533  913
533  914
532  915
531  916
531  917
529  918
529  919
528  920
527  921
527  922
525  923
525  924
524  925
524  926
523  927
523  928
523  929
522  930
522  931
522  932
521  933
521  934
521  935
520  936
520  937
520  938
520  939
521  940
520  941
520  942
521  943
521  944
521  945
521  946
521  947
522  948
522  949
522  950
522  951
523  953
524  955
524  956
523  957
523  958
523  960
521  961
521  962
522  963
527  964
527  965
527  966
528  968
529  972
530  973
530  974
532  976
532  977
532  978
533  982
533  983
535  985
535  986
537  986
538  987
540  989
541  990
542  991
543  993
544  995
545  1000
546  1001
547  1002
548  1003
548  1004
549  1006
550  1008
551  1010
552  1012
553  1014
554  1016
555  1016
556  1017
557  1018
558  1018
559  1018
560  1018
561  1019
562  1019
563  1020
564  1019
565  1019
566  1018
567  1018
569  1017
571  1016
571  1015
573  1014
575  1013
575  1012
575  1011
576  1010
577  1009
577  1008
578  1007
579  1006
579  1005
578  1004
578  1003
578  1002
578  1001
578  1000
577  999
577  998
577  997
576  995
575  993
574  991
573  988
573  987
572  986
572  985
572  984
572  982
572  981
572  980
571  979
572  978
572  977
572  976
572  975
573  974
573  973
573  972
574  971
576  970
577  969
578  968
579  967
579  966
580  965
580  964
581  963
581  962
581  961
581  960
582  959
581  958
581  957
582  956
583  955
583  954
582  953
581  952
581  951
581  950
580  949
580  948
580  947
579  945
579  944
578  942
577  940
577  938
576  937
576  935
575  934
575  933
575  930
574  929
573  928
573  927
572  925
571  923
570  921
569  919
568  918
567  915
566  915
565  914
564  913
563  912
562  912
561  911
560  911
559  910
558  910
557  909
556  909
555  909
554  909
553  909
552  909
551  908
550  908
549  908
548  907
547  907
546  908
545  908
544  908
543  907
542  907
541  907
#Nuclei: 196 77, 949 (# of boundary points, coordinates of center)
65  911
64  912
63  912
61  912
61  913
59  914
56  915
55  916
53  917
51  918
50  918
49  919
47  920
45  921
40  922
40  923
40  924
42  925
41  926
41  927
38  928
38  929
39  930
40  931
40  932
39  933
38  934
38  935
39  936
38  938
38  939
38  940
33  941
34  942
35  943
32  944
33  944
34  946
32  947
32  948
33  949
34  950
34  951
33  953
38  955
38  956
37  957
36  958
36  959
34  960
33  961
33  962
35  963
34  965
38  966
38  967
39  969
40  971
41  973
42  978
45  979
46  981
47  982
50  982
50  983
53  984
52  987
55  988
56  989
57  989
58  990
59  990
60  990
61  990
62  991
63  991
63  990
65  989
66  988
69  987
72  986
76  985
77  987
78  986
79  986
81  986
81  987
82  987
83  986
84  985
85  987
86  987
87  987
88  987
89  987
90  986
91  985
92  985
94  985
95  986
96  985
97  985
99  985
99  984
101  983
103  982
103  981
103  980
105  979
110  979
108  978
108  977
110  976
111  975
114  974
115  973
115  972
115  971
115  970
115  969
115  968
116  967
117  966
117  965
118  964
118  963
119  962
119  961
119  960
119  959
118  958
119  957
119  956
118  955
118  954
118  953
118  952
117  951
117  950
117  948
117  947
117  945
116  944
116  943
115  942
115  941
115  940
114  939
113  937
112  935
111  933
110  930
109  930
108  928
107  929
106  927
105  925
104  924
103  923
102  921
101  920
100  919
99  919
98  917
97  917
96  917
95  917
94  917
93  916
92  916
91  916
90  914
89  913
88  913
87  913
86  913
85  913
84  912
83  912
82  912
81  912
80  911
79  911
78  910
77  910
76  910
75  911
74  911
73  910
72  910
71  909
70  908
71  910
68  910
67  908
66  910
#Nuclei: 154 21, 1010 (# of boundary points, coordinates of center)
2  984
0  983
0  984
0  985
0  986
0  987
0  988
0  989
0  990
0  991
0  992
0  993
0  994
0  995
0  996
0  997
0  998
0  999
0  1000
0  1001
0  1002
0  1003
0  1004
0  1005
0  1006
0  1007
0  1008
0  1009
0  1010
0  1011
0  1012
0  1013
0  1014
0  1015
0  1016
0  1017
0  1018
0  1019
0  1020
0  1021
0  1022
0  1023
1  1023
2  1023
3  1023
4  1023
5  1023
6  1023
7  1023
8  1023
9  1023
10  1023
11  1023
12  1023
13  1023
14  1023
15  1023
16  1023
17  1023
18  1023
19  1023
20  1023
21  1023
22  1023
23  1023
24  1023
25  1023
26  1023
27  1023
28  1023
29  1023
30  1023
31  1023
32  1023
33  1023
34  1023
35  1023
36  1023
37  1023
38  1023
39  1023
40  1023
41  1023
42  1023
43  1023
44  1023
45  1023
46  1023
47  1023
48  1023
49  1023
50  1023
51  1023
52  1023
53  1022
54  1023
55  1023
55  1022
54  1021
55  1020
55  1019
55  1018
54  1018
53  1017
52  1016
51  1016
50  1016
49  1014
48  1013
47  1012
47  1013
45  1013
44  1012
43  1010
42  1008
41  1008
40  1008
39  1008
38  1007
37  1006
36  1004
35  1005
34  1002
33  1003
32  1001
31  1000
30  1000
29  1001
28  1001
27  1000
26  999
25  997
24  998
23  997
22  996
21  996
20  996
19  993
18  992
17  992
16  992
15  992
14  991
13  992
12  991
11  990
10  989
9  989
8  988
7  987
6  986
5  986
4  984
3  984
